<?xml version="1.0" encoding="utf-8"?>
<COLLADA xmlns="http://www.collada.org/2005/11/COLLADASchema" version="1.4.1">
  <asset><contributor><author>Mixamo</author><authoring_tool>COLLADA Mixamo exporter</authoring_tool><comments></comments></contributor><created>2021-07-21T19:48:46Z</created><modified>2021-07-21T19:48:46Z</modified><revision></revision><title></title><unit meter="0.010000"/><up_axis>Y_UP</up_axis></asset>
  <library_animations>
    <animation id="mixamorig_Hips-anim" name="mixamorig_Hips"><source id="mixamorig_Hips-Matrix-animation-input"><float_array id="mixamorig_Hips-Matrix-animation-input-array" count="39">

0.000000 0.033333 0.066667 0.100000 0.133333 0.166667 0.200000 0.233333 0.266667 0.300000 0.333333 0.366667 0.400000 0.433333 0.466667 0.500000
0.533333 0.566667 0.600000 0.633333 0.666667 0.700000 0.733333 0.766667 0.800000 0.833333 0.866667 0.900000 0.933333 0.966667 1.000000 1.033333
1.066667 1.100000 1.133333 1.166667 1.200000 1.233333 1.266667</float_array><technique_common><accessor source="#mixamorig_Hips-Matrix-animation-input-array" count="39"><param name="TIME" type="float"/></accessor></technique_common></source><source id="mixamorig_Hips-Matrix-animation-output-transform"><float_array id="mixamorig_Hips-Matrix-animation-output-transform-array" count="624">

0.998375 -0.053259 0.020251 -5.259684 0.056874 0.953028 -0.297495 88.614960 -0.003456 0.298164 0.954509 -1.150306 0.000000 0.000000 0.000000 1.000000
0.998342 -0.055862 0.013862 -5.196370 0.057494 0.956709 -0.285312 89.153076 0.002676 0.285636 0.958334 -1.269222 0.000000 0.000000 0.000000 1.000000
0.998304 -0.058100 0.003634 -4.994185 0.056794 0.958359 -0.279863 89.684685 0.012778 0.279594 0.960033 -1.349424 0.000000 0.000000 0.000000 1.000000
0.998276 -0.057928 -0.009499 -4.613950 0.052937 0.958313 -0.280775 90.046494 0.025368 0.279788 0.959727 -1.456716 0.000000 0.000000 0.000000 1.000000
0.998231 -0.054301 -0.024213 -4.083741 0.045200 0.957686 -0.284244 90.047234 0.038623 0.282646 0.958446 -1.625639 0.000000 0.000000 0.000000 1.000000
0.998043 -0.048895 -0.038968 -3.454872 0.035615 0.956839 -0.288429 89.574127 0.051389 0.286477 0.956708 -1.836875 0.000000 0.000000 0.000000 1.000000
0.997622 -0.045663 -0.051623 -2.784260 0.028457 0.955106 -0.294895 88.698540 0.062772 0.292725 0.954134 -2.045461 0.000000 0.000000 0.000000 1.000000
0.997172 -0.044540 -0.060537 -2.065881 0.024088 0.952385 -0.303947 87.509605 0.071192 0.301629 0.950764 -2.231786 0.000000 0.000000 0.000000 1.000000
0.996910 -0.043537 -0.065381 -1.270402 0.020765 0.948802 -0.315188 86.171387 0.075755 0.312856 0.946775 -2.392069 0.000000 0.000000 0.000000 1.000000
0.996815 -0.041436 -0.068140 -0.366576 0.016987 0.945135 -0.326238 84.888023 0.077919 0.324041 0.942829 -2.441447 0.000000 0.000000 0.000000 1.000000
0.996675 -0.039303 -0.071377 0.615597 0.013286 0.942644 -0.333536 83.877113 0.080392 0.331479 0.940031 -2.309328 0.000000 0.000000 0.000000 1.000000
0.996398 -0.037373 -0.076119 1.583379 0.009749 0.942178 -0.334971 83.246368 0.084237 0.333022 0.939149 -2.021527 0.000000 0.000000 0.000000 1.000000
0.996088 -0.033491 -0.081776 2.462930 0.004513 0.943472 -0.331423 83.021362 0.088253 0.329757 0.939932 -1.649404 0.000000 0.000000 0.000000 1.000000
0.995908 -0.027539 -0.086069 3.226668 -0.001983 0.945545 -0.325486 83.167343 0.090346 0.324324 0.941622 -1.254401 0.000000 0.000000 0.000000 1.000000
0.996007 -0.021708 -0.086600 3.852251 -0.007115 0.947602 -0.319374 83.621346 0.088995 0.318715 0.943664 -0.891675 0.000000 0.000000 0.000000 1.000000
0.996420 -0.016072 -0.082995 4.329155 -0.010861 0.949289 -0.314218 84.385086 0.083836 0.313995 0.945716 -0.596075 0.000000 0.000000 0.000000 1.000000
0.996968 -0.009429 -0.077234 4.677411 -0.015068 0.950440 -0.310541 85.477478 0.076335 0.310763 0.947417 -0.366354 0.000000 0.000000 0.000000 1.000000
0.997388 -0.001985 -0.072199 4.918203 -0.020416 0.951105 -0.308192 86.756973 0.069281 0.308861 0.948580 -0.203044 0.000000 0.000000 0.000000 1.000000
0.997565 0.003586 -0.069657 5.066454 -0.024825 0.951536 -0.306534 88.011467 0.065182 0.307517 0.949308 -0.098864 0.000000 0.000000 0.000000 1.000000
0.997556 0.006612 -0.069554 5.125400 -0.027593 0.951872 -0.305252 89.091560 0.064188 0.306425 0.949728 -0.048281 0.000000 0.000000 0.000000 1.000000
0.997516 0.007011 -0.070097 5.055654 -0.028084 0.952124 -0.304418 89.901535 0.064606 0.305631 0.949956 -0.052756 0.000000 0.000000 0.000000 1.000000
0.997557 0.005781 -0.069612 4.822285 -0.026754 0.952197 -0.304309 90.430664 0.064525 0.305429 0.950026 -0.112015 0.000000 0.000000 0.000000 1.000000
0.997766 0.003990 -0.066687 4.421381 -0.024201 0.952003 -0.305132 90.662544 0.062268 0.306064 0.949972 -0.228920 0.000000 0.000000 0.000000 1.000000
0.998227 0.002049 -0.059484 3.866491 -0.020236 0.951555 -0.306813 90.508682 0.055973 0.307473 0.949909 -0.402992 0.000000 0.000000 0.000000 1.000000
0.998912 0.000001 -0.046638 3.160861 -0.014429 0.950946 -0.309019 89.877617 0.044349 0.309356 0.949912 -0.608870 0.000000 0.000000 0.000000 1.000000
0.999547 -0.001600 -0.030061 2.318399 -0.007849 0.950193 -0.311562 88.811745 0.029062 0.311657 0.949750 -0.797247 0.000000 0.000000 0.000000 1.000000
0.999897 -0.002648 -0.014135 1.390341 -0.001926 0.949399 -0.314066 87.464066 0.014252 0.314061 0.949296 -0.917284 0.000000 0.000000 0.000000 1.000000
0.999992 -0.003423 -0.001840 0.449828 0.002668 0.948946 -0.315427 86.035721 0.002826 0.315420 0.948948 -0.945051 0.000000 0.000000 0.000000 1.000000
0.999968 -0.003975 0.006913 -0.480442 0.005950 0.949114 -0.314878 84.734825 -0.005310 0.314909 0.949107 -0.892685 0.000000 0.000000 0.000000 1.000000
0.999907 -0.003741 0.013147 -1.426488 0.007676 0.949510 -0.313643 83.749962 -0.011310 0.313715 0.949450 -0.815274 0.000000 0.000000 0.000000 1.000000
0.999848 -0.001909 0.017309 -2.360879 0.007247 0.949430 -0.313896 83.149429 -0.015835 0.313974 0.949300 -0.784778 0.000000 0.000000 0.000000 1.000000
0.999806 -0.000767 0.019700 -3.185593 0.006959 0.948643 -0.316271 82.903267 -0.018446 0.316347 0.948464 -0.834707 0.000000 0.000000 0.000000 1.000000
0.999782 -0.002826 0.020688 -3.835793 0.009289 0.947564 -0.319431 83.047363 -0.018700 0.319554 0.947384 -0.916904 0.000000 0.000000 0.000000 1.000000
0.999727 -0.009474 0.021364 -4.331044 0.015846 0.946707 -0.321705 83.653099 -0.017178 0.321956 0.946599 -0.985512 0.000000 0.000000 0.000000 1.000000
0.999506 -0.020763 0.023610 -4.720350 0.027272 0.946212 -0.322395 84.699562 -0.015646 0.322880 0.946311 -1.049933 0.000000 0.000000 0.000000 1.000000
0.999138 -0.033528 0.024482 -5.010611 0.039636 0.945810 -0.322293 85.912170 -0.012350 0.322986 0.946323 -1.131483 0.000000 0.000000 0.000000 1.000000
0.998728 -0.044163 0.024322 -5.179783 0.049624 0.946296 -0.319470 87.089607 -0.008907 0.320271 0.947284 -1.199111 0.000000 0.000000 0.000000 1.000000
0.998464 -0.050281 0.023253 -5.249764 0.055024 0.948832 -0.310951 87.996635 -0.006428 0.311753 0.950142 -1.208799 0.000000 0.000000 0.000000 1.000000
0.998375 -0.053259 0.020251 -5.259684 0.056874 0.953028 -0.297495 88.614960 -0.003456 0.298164 0.954509 -1.150306 0.000000 0.000000 0.000000 1.000000</float_array><technique_common><accessor source="#mixamorig_Hips-Matrix-animation-output-transform-array" count="39" stride="16"><param type="float4x4"/></accessor></technique_common></source><source id="mixamorig_Hips-Interpolations"><Name_array id="mixamorig_Hips-Interpolations-array" count="39">
 LINEAR LINEAR LINEAR LINEAR LINEAR LINEAR LINEAR LINEAR LINEAR LINEAR LINEAR
LINEAR LINEAR LINEAR LINEAR LINEAR LINEAR LINEAR LINEAR LINEAR LINEAR LINEAR LINEAR
LINEAR LINEAR LINEAR LINEAR LINEAR LINEAR LINEAR LINEAR LINEAR LINEAR LINEAR LINEAR
LINEAR LINEAR LINEAR LINEAR</Name_array><technique_common><accessor source="#mixamorig_Hips-Interpolations-array" count="39"><param type="name"/></accessor></technique_common></source><sampler id="mixamorig_Hips-Matrix-animation-transform"><input semantic="INPUT" source="#mixamorig_Hips-Matrix-animation-input"/><input semantic="OUTPUT" source="#mixamorig_Hips-Matrix-animation-output-transform"/><input semantic="INTERPOLATION" source="#mixamorig_Hips-Interpolations"/></sampler><channel source="#mixamorig_Hips-Matrix-animation-transform" target="mixamorig_Hips/matrix"/></animation>
    <animation id="mixamorig_Spine-anim" name="mixamorig_Spine"><source id="mixamorig_Spine-Matrix-animation-input"><float_array id="mixamorig_Spine-Matrix-animation-input-array" count="39">

0.000000 0.033333 0.066667 0.100000 0.133333 0.166667 0.200000 0.233333 0.266667 0.300000 0.333333 0.366667 0.400000 0.433333 0.466667 0.500000
0.533333 0.566667 0.600000 0.633333 0.666667 0.700000 0.733333 0.766667 0.800000 0.833333 0.866667 0.900000 0.933333 0.966667 1.000000 1.033333
1.066667 1.100000 1.133333 1.166667 1.200000 1.233333 1.266667</float_array><technique_common><accessor source="#mixamorig_Spine-Matrix-animation-input-array" count="39"><param name="TIME" type="float"/></accessor></technique_common></source><source id="mixamorig_Spine-Matrix-animation-output-transform"><float_array id="mixamorig_Spine-Matrix-animation-output-transform-array" count="624">

0.998410 0.041629 0.038015 -0.000000 -0.032409 0.975594 -0.217178 8.600700 -0.046128 0.215601 0.975391 -0.340700 0.000000 0.000000 0.000000 1.000000
0.998495 0.043093 0.033921 -0.000000 -0.034893 0.976371 -0.213265 8.600700 -0.042309 0.211760 0.976405 -0.340700 0.000000 0.000000 0.000000 1.000000
0.998444 0.044023 0.034223 -0.000000 -0.035814 0.976713 -0.211542 8.600700 -0.042739 0.209987 0.976770 -0.340700 0.000000 0.000000 0.000000 1.000000
0.998282 0.044023 0.038658 -0.000000 -0.034866 0.976676 -0.211869 8.600700 -0.047084 0.210157 0.976533 -0.340700 0.000000 0.000000 0.000000 1.000000
0.998117 0.042528 0.044206 0.000000 -0.032167 0.976492 -0.213140 8.600700 -0.052231 0.211317 0.976021 -0.340700 0.000000 0.000000 0.000000 1.000000
0.998054 0.039762 0.048037 -0.000000 -0.028555 0.976242 -0.214793 8.600700 -0.055436 0.213003 0.975478 -0.340700 0.000000 0.000000 0.000000 1.000000
0.998050 0.038540 0.049100 0.000000 -0.027028 0.975884 -0.216609 8.600700 -0.056264 0.214859 0.975023 -0.340700 0.000000 0.000000 0.000000 1.000000
0.998141 0.038992 0.046840 0.000000 -0.027966 0.975896 -0.216437 8.600700 -0.054150 0.214725 0.975172 -0.340700 0.000000 0.000000 0.000000 1.000000
0.998319 0.038536 0.043295 0.000000 -0.028470 0.976673 -0.212836 8.600700 -0.050487 0.211246 0.976128 -0.340700 0.000000 0.000000 0.000000 1.000000
0.998495 0.035197 0.042057 -0.000000 -0.025699 0.977760 -0.208149 8.600700 -0.048448 0.206754 0.977193 -0.340700 0.000000 0.000000 0.000000 1.000000
0.998505 0.030977 0.045044 0.000000 -0.021056 0.978315 -0.206051 8.600700 -0.050450 0.204795 0.977504 -0.340700 0.000000 0.000000 0.000000 1.000000
0.998271 0.028501 0.051398 0.000000 -0.017233 0.978054 -0.207637 8.600700 -0.056188 0.206393 0.976855 -0.340700 0.000000 0.000000 0.000000 1.000000
0.997892 0.026779 0.059107 -0.000000 -0.013739 0.977416 -0.210879 8.600700 -0.063420 0.209622 0.975724 -0.340700 0.000000 0.000000 0.000000 1.000000
0.997564 0.024891 0.065168 0.000000 -0.010489 0.977075 -0.212636 8.600700 -0.068967 0.211435 0.974956 -0.340700 0.000000 0.000000 0.000000 1.000000
0.997456 0.023634 0.067256 -0.000000 -0.008910 0.977378 -0.211311 8.600700 -0.070729 0.210174 0.975102 -0.340700 0.000000 0.000000 0.000000 1.000000
0.997570 0.021829 0.066157 -0.000000 -0.007642 0.978197 -0.207538 8.600700 -0.069245 0.206528 0.975987 -0.340700 0.000000 0.000000 0.000000 1.000000
0.997778 0.017554 0.064268 0.000000 -0.004167 0.979218 -0.202768 8.600700 -0.066492 0.202049 0.977116 -0.340700 0.000000 0.000000 0.000000 1.000000
0.997963 0.011076 0.062831 0.000000 0.001628 0.980074 -0.198626 8.600700 -0.063779 0.198323 0.978059 -0.340700 0.000000 0.000000 0.000000 1.000000
0.998112 0.005461 0.061183 0.000000 0.006616 0.980687 -0.195471 8.600700 -0.061069 0.195507 0.978799 -0.340700 0.000000 0.000000 0.000000 1.000000
0.998277 0.000782 0.058666 -0.000000 0.010583 0.981110 -0.193159 8.600700 -0.057709 0.193447 0.979412 -0.340700 0.000000 0.000000 0.000000 1.000000
0.998498 -0.002731 0.054721 0.000000 0.013192 0.981359 -0.191732 8.600700 -0.053177 0.192166 0.979921 -0.340700 0.000000 0.000000 0.000000 1.000000
0.998736 -0.004783 0.050042 -0.000000 0.014305 0.981350 -0.191696 8.600700 -0.048192 0.192169 0.980178 -0.340700 0.000000 0.000000 0.000000 1.000000
0.998947 -0.005364 0.045575 0.000000 0.014092 0.981017 -0.193411 8.600700 -0.043672 0.193850 0.980059 -0.340700 0.000000 0.000000 0.000000 1.000000
0.999137 -0.004875 0.041245 0.000000 0.012887 0.980459 -0.196300 8.600700 -0.039482 0.196663 0.979676 -0.340700 0.000000 0.000000 0.000000 1.000000
0.999319 -0.003768 0.036717 -0.000000 0.011010 0.979922 -0.199077 8.600700 -0.035230 0.199345 0.979296 -0.340700 0.000000 0.000000 0.000000 1.000000
0.999444 -0.003228 0.033183 0.000000 0.009842 0.979509 -0.201159 8.600700 -0.031854 0.201374 0.978996 -0.340700 0.000000 0.000000 0.000000 1.000000
0.999481 -0.003962 0.031965 -0.000000 0.010389 0.979019 -0.203504 8.600700 -0.030488 0.203731 0.978552 -0.340700 0.000000 0.000000 0.000000 1.000000
0.999441 -0.005275 0.033008 0.000000 0.012037 0.978023 -0.208150 8.600700 -0.031184 0.208431 0.977540 -0.340700 0.000000 0.000000 0.000000 1.000000
0.999353 -0.005502 0.035549 0.000000 0.013054 0.976337 -0.215860 8.600700 -0.033521 0.216184 0.975777 -0.340700 0.000000 0.000000 0.000000 1.000000
0.999211 -0.004826 0.039425 0.000000 0.013559 0.974411 -0.224365 8.600700 -0.037333 0.224723 0.973707 -0.340700 0.000000 0.000000 0.000000 1.000000
0.999001 -0.006448 0.044218 0.000000 0.016456 0.973078 -0.229889 8.600700 -0.041545 0.230387 0.972212 -0.340700 0.000000 0.000000 0.000000 1.000000
0.998791 -0.009430 0.048243 0.000000 0.020370 0.972594 -0.231615 8.600700 -0.044737 0.232318 0.971611 -0.340700 0.000000 0.000000 0.000000 1.000000
0.998662 -0.009397 0.050845 -0.000000 0.020913 0.972737 -0.230965 8.600700 -0.047289 0.231719 0.971633 -0.340700 0.000000 0.000000 0.000000 1.000000
0.998635 -0.002610 0.052164 -0.000000 0.014526 0.973227 -0.229386 8.600700 -0.050169 0.229830 0.971937 -0.340700 0.000000 0.000000 0.000000 1.000000
0.998627 0.010563 0.051308 -0.000000 0.001399 0.973730 -0.227701 8.600700 -0.052365 0.227460 0.972378 -0.340700 0.000000 0.000000 0.000000 1.000000
0.998493 0.023665 0.049509 0.000000 -0.011864 0.973986 -0.226296 8.600700 -0.053576 0.225367 0.972800 -0.340700 0.000000 0.000000 0.000000 1.000000
0.998327 0.033584 0.047059 -0.000000 -0.022182 0.974188 -0.224645 8.600700 -0.053389 0.223225 0.973304 -0.340700 0.000000 0.000000 0.000000 1.000000
0.998299 0.039105 0.043252 -0.000000 -0.028580 0.974719 -0.221599 8.600700 -0.050824 0.219986 0.974178 -0.340700 0.000000 0.000000 0.000000 1.000000
0.998410 0.041629 0.038015 0.000000 -0.032409 0.975594 -0.217178 8.600700 -0.046128 0.215601 0.975391 -0.340700 0.000000 0.000000 0.000000 1.000000</float_array><technique_common><accessor source="#mixamorig_Spine-Matrix-animation-output-transform-array" count="39" stride="16"><param type="float4x4"/></accessor></technique_common></source><source id="mixamorig_Spine-Interpolations"><Name_array id="mixamorig_Spine-Interpolations-array" count="39">
 LINEAR LINEAR LINEAR LINEAR LINEAR LINEAR LINEAR LINEAR LINEAR LINEAR LINEAR
LINEAR LINEAR LINEAR LINEAR LINEAR LINEAR LINEAR LINEAR LINEAR LINEAR LINEAR LINEAR
LINEAR LINEAR LINEAR LINEAR LINEAR LINEAR LINEAR LINEAR LINEAR LINEAR LINEAR LINEAR
LINEAR LINEAR LINEAR LINEAR</Name_array><technique_common><accessor source="#mixamorig_Spine-Interpolations-array" count="39"><param type="name"/></accessor></technique_common></source><sampler id="mixamorig_Spine-Matrix-animation-transform"><input semantic="INPUT" source="#mixamorig_Spine-Matrix-animation-input"/><input semantic="OUTPUT" source="#mixamorig_Spine-Matrix-animation-output-transform"/><input semantic="INTERPOLATION" source="#mixamorig_Spine-Interpolations"/></sampler><channel source="#mixamorig_Spine-Matrix-animation-transform" target="mixamorig_Spine/matrix"/></animation>
    <animation id="mixamorig_Spine1-anim" name="mixamorig_Spine1"><source id="mixamorig_Spine1-Matrix-animation-input"><float_array id="mixamorig_Spine1-Matrix-animation-input-array" count="39">

0.000000 0.033333 0.066667 0.100000 0.133333 0.166667 0.200000 0.233333 0.266667 0.300000 0.333333 0.366667 0.400000 0.433333 0.466667 0.500000
0.533333 0.566667 0.600000 0.633333 0.666667 0.700000 0.733333 0.766667 0.800000 0.833333 0.866667 0.900000 0.933333 0.966667 1.000000 1.033333
1.066667 1.100000 1.133333 1.166667 1.200000 1.233333 1.266667</float_array><technique_common><accessor source="#mixamorig_Spine1-Matrix-animation-input-array" count="39"><param name="TIME" type="float"/></accessor></technique_common></source><source id="mixamorig_Spine1-Matrix-animation-output-transform"><float_array id="mixamorig_Spine1-Matrix-animation-output-transform-array" count="624">

0.999981 0.000523 0.006206 0.000000 -0.000351 0.999617 -0.027666 10.042100 -0.006218 0.027663 0.999598 0.000000 0.000000 0.000000 0.000000 1.000000
0.999982 -0.001245 0.005926 0.000000 0.001421 0.999551 -0.029926 10.042100 -0.005886 0.029933 0.999535 0.000000 0.000000 0.000000 0.000000 1.000000
0.999977 -0.002421 0.006275 0.000000 0.002618 0.999499 -0.031543 10.042100 -0.006195 0.031559 0.999483 0.000000 0.000000 0.000000 0.000000 1.000000
0.999970 -0.003234 0.007062 0.000000 0.003461 0.999471 -0.032329 10.042100 -0.006954 0.032352 0.999452 0.000000 0.000000 0.000000 0.000000 1.000000
0.999962 -0.003800 0.007797 -0.000000 0.004053 0.999456 -0.032720 10.042100 -0.007668 0.032750 0.999434 0.000000 0.000000 0.000000 0.000000 1.000000
0.999958 -0.004048 0.008205 0.000000 0.004319 0.999437 -0.033258 10.042100 -0.008066 0.033292 0.999413 -0.000000 0.000000 0.000000 0.000000 1.000000
0.999958 -0.003769 0.008329 0.000000 0.004052 0.999406 -0.034232 10.042100 -0.008195 0.034264 0.999379 -0.000000 0.000000 0.000000 0.000000 1.000000
0.999963 -0.002721 0.008168 0.000000 0.003008 0.999368 -0.035410 10.042100 -0.008066 0.035433 0.999339 -0.000000 0.000000 0.000000 0.000000 1.000000
0.999969 -0.001660 0.007670 -0.000000 0.001935 0.999351 -0.035965 10.042100 -0.007605 0.035978 0.999324 -0.000000 0.000000 0.000000 0.000000 1.000000
0.999974 -0.000951 0.007159 0.000000 0.001203 0.999377 -0.035273 10.042100 -0.007121 0.035281 0.999352 -0.000000 0.000000 0.000000 0.000000 1.000000
0.999974 -0.000082 0.007168 0.000000 0.000326 0.999421 -0.034008 10.042100 -0.007161 0.034010 0.999396 -0.000000 0.000000 0.000000 0.000000 1.000000
0.999968 0.001519 0.007887 -0.000000 -0.001258 0.999454 -0.033002 10.042100 -0.007933 0.032991 0.999424 0.000000 0.000000 0.000000 0.000000 1.000000
0.999953 0.003584 0.008964 -0.000000 -0.003294 0.999477 -0.032182 10.042100 -0.009075 0.032151 0.999442 -0.000000 0.000000 0.000000 0.000000 1.000000
0.999936 0.005588 0.009834 0.000000 -0.005281 0.999507 -0.030938 10.042100 -0.010002 0.030884 0.999473 0.000000 0.000000 0.000000 0.000000 1.000000
0.999923 0.007191 0.010152 0.000000 -0.006892 0.999549 -0.029212 10.042100 -0.010358 0.029140 0.999522 -0.000000 0.000000 0.000000 0.000000 1.000000
0.999920 0.007837 0.009947 -0.000000 -0.007559 0.999588 -0.027690 10.042100 -0.010160 0.027612 0.999567 0.000000 0.000000 0.000000 0.000000 1.000000
0.999929 0.007161 0.009474 0.000000 -0.006905 0.999616 -0.026819 10.042100 -0.009662 0.026752 0.999595 0.000000 0.000000 0.000000 0.000000 1.000000
0.999944 0.005510 0.008986 0.000000 -0.005269 0.999633 -0.026586 10.042100 -0.009129 0.026537 0.999606 -0.000000 0.000000 0.000000 0.000000 1.000000
0.999956 0.003784 0.008543 0.000000 -0.003558 0.999649 -0.026267 10.042100 -0.008640 0.026235 0.999618 0.000000 0.000000 0.000000 0.000000 1.000000
0.999965 0.002322 0.008045 0.000000 -0.002115 0.999670 -0.025615 10.042100 -0.008102 0.025597 0.999640 0.000000 0.000000 0.000000 0.000000 1.000000
0.999971 0.001450 0.007422 -0.000000 -0.001265 0.999691 -0.024821 10.042100 -0.007456 0.024811 0.999664 0.000000 0.000000 0.000000 0.000000 1.000000
0.999976 0.001257 0.006764 -0.000000 -0.001092 0.999704 -0.024317 10.042100 -0.006793 0.024309 0.999681 -0.000000 0.000000 0.000000 0.000000 1.000000
0.999980 0.001421 0.006157 -0.000000 -0.001270 0.999701 -0.024417 10.042100 -0.006190 0.024409 0.999683 0.000000 0.000000 0.000000 0.000000 1.000000
0.999984 0.001495 0.005526 0.000000 -0.001356 0.999686 -0.025007 10.042100 -0.005561 0.024999 0.999672 -0.000000 0.000000 0.000000 0.000000 1.000000
0.999988 0.001295 0.004791 0.000000 -0.001172 0.999670 -0.025657 10.042100 -0.004822 0.025651 0.999659 -0.000000 0.000000 0.000000 0.000000 1.000000
0.999991 0.000896 0.004066 0.000000 -0.000790 0.999659 -0.026120 10.042100 -0.004088 0.026116 0.999651 0.000000 0.000000 0.000000 0.000000 1.000000
0.999993 0.000468 0.003577 -0.000000 -0.000374 0.999656 -0.026217 10.042100 -0.003588 0.026216 0.999650 0.000000 0.000000 0.000000 0.000000 1.000000
0.999994 -0.000141 0.003458 0.000000 0.000230 0.999666 -0.025839 10.042100 -0.003454 0.025840 0.999660 -0.000000 0.000000 0.000000 0.000000 1.000000
0.999992 -0.001089 0.003734 0.000000 0.001182 0.999686 -0.025014 10.042100 -0.003706 0.025018 0.999680 0.000000 0.000000 0.000000 0.000000 1.000000
0.999988 -0.002128 0.004303 0.000000 0.002231 0.999708 -0.024076 10.042100 -0.004251 0.024085 0.999701 0.000000 0.000000 0.000000 0.000000 1.000000
0.999984 -0.002991 0.004855 -0.000000 0.003103 0.999727 -0.023138 10.042100 -0.004784 0.023152 0.999720 0.000000 0.000000 0.000000 0.000000 1.000000
0.999981 -0.003317 0.005133 -0.000000 0.003430 0.999746 -0.022294 10.042100 -0.005058 0.022312 0.999738 0.000000 0.000000 0.000000 0.000000 1.000000
0.999982 -0.002827 0.005341 0.000000 0.002941 0.999766 -0.021423 10.042100 -0.005279 0.021438 0.999756 0.000000 0.000000 0.000000 0.000000 1.000000
0.999982 -0.001243 0.005795 0.000000 0.001364 0.999781 -0.020900 10.042100 -0.005768 0.020908 0.999765 0.000000 0.000000 0.000000 0.000000 1.000000
0.999979 0.001424 0.006379 -0.000000 -0.001287 0.999770 -0.021414 10.042100 -0.006408 0.021405 0.999750 0.000000 0.000000 0.000000 0.000000 1.000000
0.999971 0.003448 0.006855 0.000000 -0.003295 0.999746 -0.022297 10.042100 -0.006930 0.022274 0.999728 0.000000 0.000000 0.000000 0.000000 1.000000
0.999968 0.003861 0.007029 -0.000000 -0.003694 0.999715 -0.023574 10.042100 -0.007118 0.023547 0.999697 0.000000 0.000000 0.000000 0.000000 1.000000
0.999974 0.002570 0.006752 0.000000 -0.002398 0.999675 -0.025377 10.042100 -0.006815 0.025360 0.999655 0.000000 0.000000 0.000000 0.000000 1.000000
0.999981 0.000523 0.006206 0.000000 -0.000351 0.999617 -0.027666 10.042100 -0.006218 0.027663 0.999598 -0.000000 0.000000 0.000000 0.000000 1.000000</float_array><technique_common><accessor source="#mixamorig_Spine1-Matrix-animation-output-transform-array" count="39" stride="16"><param type="float4x4"/></accessor></technique_common></source><source id="mixamorig_Spine1-Interpolations"><Name_array id="mixamorig_Spine1-Interpolations-array" count="39">
 LINEAR LINEAR LINEAR LINEAR LINEAR LINEAR LINEAR LINEAR LINEAR LINEAR LINEAR
LINEAR LINEAR LINEAR LINEAR LINEAR LINEAR LINEAR LINEAR LINEAR LINEAR LINEAR LINEAR
LINEAR LINEAR LINEAR LINEAR LINEAR LINEAR LINEAR LINEAR LINEAR LINEAR LINEAR LINEAR
LINEAR LINEAR LINEAR LINEAR</Name_array><technique_common><accessor source="#mixamorig_Spine1-Interpolations-array" count="39"><param type="name"/></accessor></technique_common></source><sampler id="mixamorig_Spine1-Matrix-animation-transform"><input semantic="INPUT" source="#mixamorig_Spine1-Matrix-animation-input"/><input semantic="OUTPUT" source="#mixamorig_Spine1-Matrix-animation-output-transform"/><input semantic="INTERPOLATION" source="#mixamorig_Spine1-Interpolations"/></sampler><channel source="#mixamorig_Spine1-Matrix-animation-transform" target="mixamorig_Spine1/matrix"/></animation>
    <animation id="mixamorig_Spine2-anim" name="mixamorig_Spine2"><source id="mixamorig_Spine2-Matrix-animation-input"><float_array id="mixamorig_Spine2-Matrix-animation-input-array" count="39">

0.000000 0.033333 0.066667 0.100000 0.133333 0.166667 0.200000 0.233333 0.266667 0.300000 0.333333 0.366667 0.400000 0.433333 0.466667 0.500000
0.533333 0.566667 0.600000 0.633333 0.666667 0.700000 0.733333 0.766667 0.800000 0.833333 0.866667 0.900000 0.933333 0.966667 1.000000 1.033333
1.066667 1.100000 1.133333 1.166667 1.200000 1.233333 1.266667</float_array><technique_common><accessor source="#mixamorig_Spine2-Matrix-animation-input-array" count="39"><param name="TIME" type="float"/></accessor></technique_common></source><source id="mixamorig_Spine2-Matrix-animation-output-transform"><float_array id="mixamorig_Spine2-Matrix-animation-output-transform-array" count="624">

0.999979 0.000627 0.006490 -0.000000 -0.000448 0.999618 -0.027633 11.476600 -0.006505 0.027629 0.999597 -0.000000 0.000000 0.000000 0.000000 1.000000
0.999979 -0.001155 0.006427 0.000000 0.001347 0.999553 -0.029873 11.476600 -0.006389 0.029881 0.999533 0.000000 0.000000 0.000000 0.000000 1.000000
0.999973 -0.002338 0.006895 -0.000000 0.002554 0.999501 -0.031473 11.476600 -0.006818 0.031490 0.999481 0.000000 0.000000 0.000000 0.000000 1.000000
0.999965 -0.003150 0.007720 0.000000 0.003398 0.999474 -0.032244 11.476600 -0.007615 0.032269 0.999450 -0.000000 0.000000 0.000000 0.000000 1.000000
0.999957 -0.003715 0.008468 0.000000 0.003990 0.999460 -0.032624 11.476600 -0.008342 0.032657 0.999432 0.000000 0.000000 0.000000 0.000000 1.000000
0.999953 -0.003965 0.008883 0.000000 0.004258 0.999441 -0.033158 11.476600 -0.008747 0.033194 0.999411 0.000000 0.000000 0.000000 0.000000 1.000000
0.999953 -0.003692 0.008981 0.000000 0.003997 0.999409 -0.034135 11.476600 -0.008849 0.034169 0.999377 -0.000000 0.000000 0.000000 0.000000 1.000000
0.999958 -0.002662 0.008726 -0.000000 0.002968 0.999371 -0.035328 11.476600 -0.008626 0.035352 0.999338 0.000000 0.000000 0.000000 0.000000 1.000000
0.999966 -0.001620 0.008131 0.000000 0.001911 0.999354 -0.035900 11.476600 -0.008068 0.035914 0.999322 -0.000000 0.000000 0.000000 0.000000 1.000000
0.999971 -0.000918 0.007544 0.000000 0.001183 0.999379 -0.035222 11.476600 -0.007507 0.035230 0.999351 0.000000 0.000000 0.000000 0.000000 1.000000
0.999972 -0.000044 0.007461 0.000000 0.000297 0.999423 -0.033967 11.476600 -0.007455 0.033968 0.999395 0.000000 0.000000 0.000000 0.000000 1.000000
0.999967 0.001568 0.008031 0.000000 -0.001303 0.999455 -0.032976 11.476600 -0.008078 0.032964 0.999424 0.000000 0.000000 0.000000 0.000000 1.000000
0.999954 0.003645 0.008913 0.000000 -0.003356 0.999476 -0.032181 11.476600 -0.009025 0.032150 0.999442 0.000000 0.000000 0.000000 0.000000 1.000000
0.999938 0.005661 0.009581 0.000000 -0.005362 0.999506 -0.030972 11.476600 -0.009752 0.030918 0.999474 0.000000 0.000000 0.000000 0.000000 1.000000
0.999926 0.007274 0.009738 0.000000 -0.006987 0.999547 -0.029279 11.476600 -0.009947 0.029209 0.999524 0.000000 0.000000 0.000000 0.000000 1.000000
0.999924 0.007922 0.009454 0.000000 -0.007657 0.999585 -0.027774 11.476600 -0.009671 0.027699 0.999570 0.000000 0.000000 0.000000 0.000000 1.000000
0.999933 0.007241 0.009002 0.000000 -0.006996 0.999614 -0.026899 11.476600 -0.009193 0.026834 0.999598 0.000000 0.000000 0.000000 0.000000 1.000000
0.999947 0.005582 0.008603 0.000000 -0.005351 0.999631 -0.026649 11.476600 -0.008749 0.026601 0.999608 0.000000 0.000000 0.000000 0.000000 1.000000
0.999958 0.003856 0.008259 0.000000 -0.003637 0.999647 -0.026311 11.476600 -0.008357 0.026280 0.999620 -0.000000 0.000000 0.000000 0.000000 1.000000
0.999966 0.002397 0.007841 0.000000 -0.002195 0.999669 -0.025646 11.476600 -0.007900 0.025628 0.999640 0.000000 0.000000 0.000000 0.000000 1.000000
0.999972 0.001527 0.007261 0.000000 -0.001346 0.999690 -0.024845 11.476600 -0.007296 0.024835 0.999665 0.000000 0.000000 0.000000 0.000000 1.000000
0.999977 0.001331 0.006606 0.000000 -0.001170 0.999703 -0.024341 11.476600 -0.006636 0.024333 0.999682 0.000000 0.000000 0.000000 0.000000 1.000000
0.999981 0.001489 0.005986 0.000000 -0.001342 0.999700 -0.024441 11.476600 -0.006020 0.024433 0.999683 0.000000 0.000000 0.000000 0.000000 1.000000
0.999984 0.001553 0.005357 0.000000 -0.001418 0.999686 -0.025029 11.476600 -0.005394 0.025021 0.999672 0.000000 0.000000 0.000000 0.000000 1.000000
0.999988 0.001342 0.004652 0.000000 -0.001222 0.999670 -0.025673 11.476600 -0.004685 0.025667 0.999660 -0.000000 0.000000 0.000000 0.000000 1.000000
0.999992 0.000932 0.003973 0.000000 -0.000828 0.999658 -0.026130 11.476600 -0.003996 0.026127 0.999651 0.000000 0.000000 0.000000 0.000000 1.000000
0.999994 0.000499 0.003524 0.000000 -0.000407 0.999656 -0.026223 11.476600 -0.003535 0.026222 0.999650 0.000000 0.000000 0.000000 0.000000 1.000000
0.999994 -0.000103 0.003452 0.000000 0.000192 0.999666 -0.025841 11.476600 -0.003448 0.025842 0.999660 -0.000000 0.000000 0.000000 0.000000 1.000000
0.999992 -0.001033 0.003806 0.000000 0.001127 0.999687 -0.025010 11.476600 -0.003779 0.025014 0.999680 0.000000 0.000000 0.000000 0.000000 1.000000
0.999988 -0.002044 0.004472 0.000000 0.002151 0.999708 -0.024063 11.476600 -0.004421 0.024073 0.999700 -0.000000 0.000000 0.000000 0.000000 1.000000
0.999983 -0.002880 0.005099 0.000000 0.002997 0.999728 -0.023117 11.476600 -0.005031 0.023132 0.999720 -0.000000 0.000000 0.000000 0.000000 1.000000
0.999980 -0.003191 0.005402 0.000000 0.003310 0.999747 -0.022268 11.476600 -0.005330 0.022285 0.999737 0.000000 0.000000 0.000000 0.000000 1.000000
0.999981 -0.002691 0.005580 0.000000 0.002810 0.999767 -0.021397 11.476600 -0.005521 0.021412 0.999755 0.000000 0.000000 0.000000 0.000000 1.000000
0.999982 -0.001095 0.005958 -0.000000 0.001220 0.999781 -0.020879 11.476600 -0.005934 0.020886 0.999764 0.000000 0.000000 0.000000 0.000000 1.000000
0.999978 0.001577 0.006425 0.000000 -0.001439 0.999770 -0.021404 11.476600 -0.006457 0.021395 0.999750 0.000000 0.000000 0.000000 0.000000 1.000000
0.999970 0.003599 0.006798 -0.000000 -0.003447 0.999745 -0.022295 11.476600 -0.006877 0.022271 0.999728 0.000000 0.000000 0.000000 0.000000 1.000000
0.999968 0.004001 0.006957 0.000000 -0.003836 0.999715 -0.023569 11.476600 -0.007049 0.023541 0.999698 0.000000 0.000000 0.000000 0.000000 1.000000
0.999973 0.002693 0.006805 0.000000 -0.002520 0.999675 -0.025361 11.476600 -0.006871 0.025343 0.999655 0.000000 0.000000 0.000000 0.000000 1.000000
0.999979 0.000627 0.006490 0.000000 -0.000448 0.999618 -0.027633 11.476600 -0.006505 0.027629 0.999597 0.000000 0.000000 0.000000 0.000000 1.000000</float_array><technique_common><accessor source="#mixamorig_Spine2-Matrix-animation-output-transform-array" count="39" stride="16"><param type="float4x4"/></accessor></technique_common></source><source id="mixamorig_Spine2-Interpolations"><Name_array id="mixamorig_Spine2-Interpolations-array" count="39">
 LINEAR LINEAR LINEAR LINEAR LINEAR LINEAR LINEAR LINEAR LINEAR LINEAR LINEAR
LINEAR LINEAR LINEAR LINEAR LINEAR LINEAR LINEAR LINEAR LINEAR LINEAR LINEAR LINEAR
LINEAR LINEAR LINEAR LINEAR LINEAR LINEAR LINEAR LINEAR LINEAR LINEAR LINEAR LINEAR
LINEAR LINEAR LINEAR LINEAR</Name_array><technique_common><accessor source="#mixamorig_Spine2-Interpolations-array" count="39"><param type="name"/></accessor></technique_common></source><sampler id="mixamorig_Spine2-Matrix-animation-transform"><input semantic="INPUT" source="#mixamorig_Spine2-Matrix-animation-input"/><input semantic="OUTPUT" source="#mixamorig_Spine2-Matrix-animation-output-transform"/><input semantic="INTERPOLATION" source="#mixamorig_Spine2-Interpolations"/></sampler><channel source="#mixamorig_Spine2-Matrix-animation-transform" target="mixamorig_Spine2/matrix"/></animation>
    <animation id="mixamorig_Neck-anim" name="mixamorig_Neck"><source id="mixamorig_Neck-Matrix-animation-input"><float_array id="mixamorig_Neck-Matrix-animation-input-array" count="39">

0.000000 0.033333 0.066667 0.100000 0.133333 0.166667 0.200000 0.233333 0.266667 0.300000 0.333333 0.366667 0.400000 0.433333 0.466667 0.500000
0.533333 0.566667 0.600000 0.633333 0.666667 0.700000 0.733333 0.766667 0.800000 0.833333 0.866667 0.900000 0.933333 0.966667 1.000000 1.033333
1.066667 1.100000 1.133333 1.166667 1.200000 1.233333 1.266667</float_array><technique_common><accessor source="#mixamorig_Neck-Matrix-animation-input-array" count="39"><param name="TIME" type="float"/></accessor></technique_common></source><source id="mixamorig_Neck-Matrix-animation-output-transform"><float_array id="mixamorig_Neck-Matrix-animation-output-transform-array" count="624">

0.999974 -0.006972 0.001672 -0.000000 0.006557 0.983574 0.180386 12.911200 -0.002902 -0.180371 0.983594 0.000000 0.000000 0.000000 0.000000 1.000000
0.999964 -0.007504 0.003945 -0.000000 0.006690 0.984266 0.176565 12.911200 -0.005208 -0.176532 0.984281 0.000000 0.000000 0.000000 0.000000 1.000000
0.999954 -0.007819 0.005580 0.000000 0.006728 0.984691 0.174180 12.911200 -0.006857 -0.174135 0.984698 0.000000 0.000000 0.000000 0.000000 1.000000
0.999947 -0.007991 0.006437 0.000000 0.006761 0.984989 0.172485 12.911200 -0.007718 -0.172432 0.984991 -0.000000 0.000000 0.000000 0.000000 1.000000
0.999942 -0.008086 0.007136 0.000000 0.006754 0.985382 0.170223 12.911200 -0.008408 -0.170165 0.985380 -0.000000 0.000000 0.000000 0.000000 1.000000
0.999932 -0.008286 0.008212 0.000000 0.006795 0.985869 0.167377 12.911200 -0.009483 -0.167310 0.985859 -0.000000 0.000000 0.000000 0.000000 1.000000
0.999917 -0.008745 0.009475 -0.000000 0.007050 0.986079 0.166127 12.911200 -0.010796 -0.166046 0.986059 0.000000 0.000000 0.000000 0.000000 1.000000
0.999897 -0.009378 0.010909 -0.000000 0.007430 0.985996 0.166604 12.911200 -0.012319 -0.166506 0.985963 0.000000 0.000000 0.000000 0.000000 1.000000
0.999877 -0.009743 0.012265 -0.000000 0.007549 0.985811 0.167689 12.911200 -0.013725 -0.167576 0.985764 0.000000 0.000000 0.000000 0.000000 1.000000
0.999872 -0.009025 0.013207 -0.000000 0.006660 0.985554 0.169230 12.911200 -0.014543 -0.169120 0.985488 0.000000 0.000000 0.000000 0.000000 1.000000
0.999882 -0.007387 0.013458 0.000000 0.004972 0.985191 0.171387 12.911200 -0.014525 -0.171299 0.985112 0.000000 0.000000 0.000000 0.000000 1.000000
0.999898 -0.005920 0.013019 0.000000 0.003570 0.984801 0.173649 12.911200 -0.013849 -0.173585 0.984722 -0.000000 0.000000 0.000000 0.000000 1.000000
0.999912 -0.005187 0.012240 0.000000 0.002960 0.984505 0.175330 12.911200 -0.012959 -0.175278 0.984434 -0.000000 0.000000 0.000000 0.000000 1.000000
0.999920 -0.005351 0.011439 0.000000 0.003258 0.984431 0.175738 12.911200 -0.012201 -0.175687 0.984370 -0.000000 0.000000 0.000000 0.000000 1.000000
0.999922 -0.006676 0.010566 0.000000 0.004726 0.984584 0.174848 12.911200 -0.011570 -0.174785 0.984539 0.000000 0.000000 0.000000 0.000000 1.000000
0.999915 -0.008969 0.009417 0.000000 0.007196 0.984746 0.173847 12.911200 -0.010832 -0.173764 0.984728 -0.000000 0.000000 0.000000 0.000000 1.000000
0.999901 -0.011476 0.008085 0.000000 0.009893 0.984658 0.174217 12.911200 -0.009961 -0.174120 0.984674 0.000000 0.000000 0.000000 0.000000 1.000000
0.999885 -0.013460 0.006984 0.000000 0.012016 0.984225 0.176513 12.911200 -0.009250 -0.176409 0.984274 0.000000 0.000000 0.000000 0.000000 1.000000
0.999869 -0.014862 0.006485 0.000000 0.013458 0.983697 0.179329 12.911200 -0.009045 -0.179218 0.983768 0.000000 0.000000 0.000000 0.000000 1.000000
0.999860 -0.015301 0.006830 0.000000 0.013807 0.983284 0.181552 12.911200 -0.009493 -0.181433 0.983358 0.000000 0.000000 0.000000 0.000000 1.000000
0.999856 -0.015009 0.007885 -0.000000 0.013310 0.982972 0.183272 12.911200 -0.010502 -0.183140 0.983031 0.000000 0.000000 0.000000 0.000000 1.000000
0.999850 -0.014778 0.009069 0.000000 0.012842 0.982585 0.185369 12.911200 -0.011651 -0.185225 0.982627 -0.000000 0.000000 0.000000 0.000000 1.000000
0.999838 -0.015133 0.009737 0.000000 0.013030 0.982034 0.188256 12.911200 -0.012411 -0.188099 0.982072 0.000000 0.000000 0.000000 0.000000 1.000000
0.999827 -0.015953 0.009603 -0.000000 0.013823 0.981440 0.191272 12.911200 -0.012476 -0.191106 0.981490 0.000000 0.000000 0.000000 0.000000 1.000000
0.999821 -0.016875 0.008612 0.000000 0.014894 0.981034 0.193265 12.911200 -0.011710 -0.193102 0.981109 0.000000 0.000000 0.000000 0.000000 1.000000
0.999831 -0.016986 0.007054 0.000000 0.015297 0.980913 0.193842 12.911200 -0.010212 -0.193702 0.981007 -0.000000 0.000000 0.000000 0.000000 1.000000
0.999865 -0.015447 0.005667 -0.000000 0.014057 0.980960 0.193702 12.911200 -0.008551 -0.193596 0.981044 -0.000000 0.000000 0.000000 0.000000 1.000000
0.999900 -0.013244 0.004903 0.000000 0.012039 0.980859 0.194346 12.911200 -0.007383 -0.194267 0.980921 0.000000 0.000000 0.000000 0.000000 1.000000
0.999910 -0.012695 0.004321 0.000000 0.011597 0.980396 0.196695 12.911200 -0.006734 -0.196628 0.980455 0.000000 0.000000 0.000000 0.000000 1.000000
0.999896 -0.014028 0.003393 0.000000 0.013067 0.979744 0.199827 12.911200 -0.006127 -0.199762 0.979825 0.000000 0.000000 0.000000 0.000000 1.000000
0.999893 -0.014362 0.002606 0.000000 0.013541 0.979354 0.201701 12.911200 -0.005449 -0.201644 0.979444 -0.000000 0.000000 0.000000 0.000000 1.000000
0.999925 -0.011991 0.002658 -0.000000 0.011209 0.979382 0.201706 12.911200 -0.005022 -0.201661 0.979442 0.000000 0.000000 0.000000 0.000000 1.000000
0.999959 -0.008498 0.003152 0.000000 0.007695 0.979717 0.200237 12.911200 -0.004789 -0.200205 0.979742 0.000000 0.000000 0.000000 0.000000 1.000000
0.999977 -0.006014 0.003279 -0.000000 0.005246 0.980208 0.197902 12.911200 -0.004404 -0.197881 0.980216 0.000000 0.000000 0.000000 0.000000 1.000000
0.999984 -0.004967 0.002793 -0.000000 0.004325 0.980714 0.195402 12.911200 -0.003710 -0.195387 0.980719 -0.000000 0.000000 0.000000 0.000000 1.000000
0.999987 -0.004838 0.001388 -0.000000 0.004480 0.981220 0.192840 12.911200 -0.002295 -0.192831 0.981229 0.000000 0.000000 0.000000 0.000000 1.000000
0.999985 -0.005397 -0.000007 0.000000 0.005301 0.981886 0.189398 12.911200 -0.001016 -0.189396 0.981900 -0.000000 0.000000 0.000000 0.000000 1.000000
0.999981 -0.006212 -0.000010 -0.000000 0.006107 0.982706 0.185073 12.911200 -0.001140 -0.185069 0.982725 0.000000 0.000000 0.000000 0.000000 1.000000
0.999974 -0.006972 0.001672 0.000000 0.006557 0.983574 0.180386 12.911200 -0.002902 -0.180371 0.983594 0.000000 0.000000 0.000000 0.000000 1.000000</float_array><technique_common><accessor source="#mixamorig_Neck-Matrix-animation-output-transform-array" count="39" stride="16"><param type="float4x4"/></accessor></technique_common></source><source id="mixamorig_Neck-Interpolations"><Name_array id="mixamorig_Neck-Interpolations-array" count="39">
 LINEAR LINEAR LINEAR LINEAR LINEAR LINEAR LINEAR LINEAR LINEAR LINEAR LINEAR
LINEAR LINEAR LINEAR LINEAR LINEAR LINEAR LINEAR LINEAR LINEAR LINEAR LINEAR LINEAR
LINEAR LINEAR LINEAR LINEAR LINEAR LINEAR LINEAR LINEAR LINEAR LINEAR LINEAR LINEAR
LINEAR LINEAR LINEAR LINEAR</Name_array><technique_common><accessor source="#mixamorig_Neck-Interpolations-array" count="39"><param type="name"/></accessor></technique_common></source><sampler id="mixamorig_Neck-Matrix-animation-transform"><input semantic="INPUT" source="#mixamorig_Neck-Matrix-animation-input"/><input semantic="OUTPUT" source="#mixamorig_Neck-Matrix-animation-output-transform"/><input semantic="INTERPOLATION" source="#mixamorig_Neck-Interpolations"/></sampler><channel source="#mixamorig_Neck-Matrix-animation-transform" target="mixamorig_Neck/matrix"/></animation>
    <animation id="mixamorig_Head-anim" name="mixamorig_Head"><source id="mixamorig_Head-Matrix-animation-input"><float_array id="mixamorig_Head-Matrix-animation-input-array" count="39">

0.000000 0.033333 0.066667 0.100000 0.133333 0.166667 0.200000 0.233333 0.266667 0.300000 0.333333 0.366667 0.400000 0.433333 0.466667 0.500000
