<?xml version="1.0" encoding="utf-8"?>
<COLLADA xmlns="http://www.collada.org/2005/11/COLLADASchema" version="1.4.1">
  <asset><contributor><author>Mixamo</author><authoring_tool>COLLADA Mixamo exporter</authoring_tool><comments></comments></contributor><created>2021-07-21T19:05:38Z</created><modified>2021-07-21T19:05:38Z</modified><revision></revision><title></title><unit meter="0.010000"/><up_axis>Y_UP</up_axis></asset>
  <library_animations>
    <animation id="mixamorig_Hips-anim" name="mixamorig_Hips"><source id="mixamorig_Hips-Matrix-animation-input"><float_array id="mixamorig_Hips-Matrix-animation-input-array" count="181">

0.000000 0.033333 0.066667 0.100000 0.133333 0.166667 0.200000 0.233333 0.266667 0.300000 0.333333 0.366667 0.400000 0.433333 0.466667 0.500000
0.533333 0.566667 0.600000 0.633333 0.666667 0.700000 0.733333 0.766667 0.800000 0.833333 0.866667 0.900000 0.933333 0.966667 1.000000 1.033333
1.066667 1.100000 1.133333 1.166667 1.200000 1.233333 1.266667 1.300000 1.333333 1.366667 1.400000 1.433333 1.466667 1.500000 1.533333 1.566667
1.600000 1.633333 1.666667 1.700000 1.733333 1.766667 1.800000 1.833333 1.866667 1.900000 1.933333 1.966667 2.000000 2.033333 2.066667 2.100000
2.133333 2.166667 2.200000 2.233333 2.266667 2.300000 2.333333 2.366667 2.400000 2.433333 2.466667 2.500000 2.533333 2.566667 2.600000 2.633333
2.666667 2.700000 2.733333 2.766667 2.800000 2.833333 2.866667 2.900000 2.933333 2.966667 3.000000 3.033333 3.066667 3.100000 3.133333 3.166667
3.200000 3.233333 3.266667 3.300000 3.333333 3.366667 3.400000 3.433333 3.466667 3.500000 3.533333 3.566667 3.600000 3.633333 3.666667 3.700000
3.733333 3.766667 3.800000 3.833333 3.866667 3.900000 3.933333 3.966667 4.000000 4.033333 4.066667 4.100000 4.133333 4.166667 4.200000 4.233333
4.266667 4.300000 4.333333 4.366667 4.400000 4.433333 4.466667 4.500000 4.533333 4.566667 4.600000 4.633333 4.666667 4.700000 4.733333 4.766667
4.800000 4.833333 4.866667 4.900000 4.933333 4.966667 5.000000 5.033333 5.066667 5.100000 5.133333 5.166667 5.200000 5.233333 5.266667 5.300000
5.333333 5.366667 5.400000 5.433333 5.466667 5.500000 5.533333 5.566667 5.600000 5.633333 5.666667 5.700000 5.733333 5.766667 5.800000 5.833333
5.866667 5.900000 5.933333 5.966667 6.000000</float_array><technique_common><accessor source="#mixamorig_Hips-Matrix-animation-input-array" count="181"><param name="TIME" type="float"/></accessor></technique_common></source><source id="mixamorig_Hips-Matrix-animation-output-transform"><float_array id="mixamorig_Hips-Matrix-animation-output-transform-array" count="2896">

0.995575 0.046976 -0.081385 5.025318 -0.046020 0.998848 0.013590 92.298431 0.081929 -0.009784 0.996590 -0.634674 0.000000 0.000000 0.000000 1.000000
0.995544 0.046775 -0.081879 5.028347 -0.045821 0.998859 0.013493 92.298409 0.082416 -0.009681 0.996551 -0.637990 0.000000 0.000000 0.000000 1.000000
0.995515 0.046746 -0.082252 5.030528 -0.045791 0.998860 0.013455 92.298256 0.082787 -0.009629 0.996521 -0.638326 0.000000 0.000000 0.000000 1.000000
0.995502 0.046736 -0.082414 5.032959 -0.045781 0.998861 0.013449 92.297943 0.082948 -0.009615 0.996507 -0.638326 0.000000 0.000000 0.000000 1.000000
0.995498 0.046735 -0.082460 5.035859 -0.045782 0.998861 0.013407 92.297699 0.082992 -0.009572 0.996504 -0.638130 0.000000 0.000000 0.000000 1.000000
0.995496 0.046725 -0.082490 5.039466 -0.045782 0.998863 0.013294 92.297585 0.083017 -0.009458 0.996503 -0.637793 0.000000 0.000000 0.000000 1.000000
0.995494 0.046702 -0.082527 5.043836 -0.045769 0.998865 0.013165 92.297501 0.083048 -0.009329 0.996502 -0.637153 0.000000 0.000000 0.000000 1.000000
0.995492 0.046677 -0.082568 5.048951 -0.045747 0.998867 0.013118 92.297234 0.083087 -0.009282 0.996499 -0.635993 0.000000 0.000000 0.000000 1.000000
0.995485 0.046677 -0.082648 5.054830 -0.045743 0.998867 0.013163 92.296715 0.083169 -0.009323 0.996492 -0.634275 0.000000 0.000000 0.000000 1.000000
0.995471 0.046726 -0.082791 5.061490 -0.045786 0.998864 0.013211 92.296112 0.083314 -0.009360 0.996479 -0.632230 0.000000 0.000000 0.000000 1.000000
0.995459 0.046818 -0.082884 5.068652 -0.045877 0.998860 0.013223 92.295563 0.083408 -0.009360 0.996472 -0.630025 0.000000 0.000000 0.000000 1.000000
0.995465 0.046991 -0.082714 5.075417 -0.046046 0.998851 0.013302 92.294815 0.083244 -0.009433 0.996485 -0.623140 0.000000 0.000000 0.000000 1.000000
0.995490 0.047244 -0.082267 5.081676 -0.046287 0.998837 0.013503 92.293777 0.082809 -0.009634 0.996519 -0.616282 0.000000 0.000000 0.000000 1.000000
0.995516 0.047509 -0.081798 5.088519 -0.046538 0.998822 0.013731 92.292717 0.082354 -0.009863 0.996554 -0.610076 0.000000 0.000000 0.000000 1.000000
0.995526 0.047742 -0.081545 5.096940 -0.046760 0.998809 0.013900 92.291824 0.082112 -0.010025 0.996573 -0.604008 0.000000 0.000000 0.000000 1.000000
0.995520 0.047912 -0.081518 5.107326 -0.046924 0.998800 0.013998 92.291161 0.082091 -0.010110 0.996574 -0.596618 0.000000 0.000000 0.000000 1.000000
0.995504 0.047977 -0.081667 5.119870 -0.046984 0.998797 0.014040 92.290649 0.082242 -0.010139 0.996561 -0.586742 0.000000 0.000000 0.000000 1.000000
0.995475 0.047938 -0.082045 5.134478 -0.046939 0.998799 0.014065 92.290207 0.082621 -0.010150 0.996529 -0.573600 0.000000 0.000000 0.000000 1.000000
0.995427 0.047838 -0.082683 5.150755 -0.046829 0.998803 0.014103 92.289749 0.083258 -0.010167 0.996476 -0.557133 0.000000 0.000000 0.000000 1.000000
0.995358 0.047769 -0.083545 5.168000 -0.046744 0.998806 0.014179 92.289261 0.084122 -0.010208 0.996403 -0.539616 0.000000 0.000000 0.000000 1.000000
0.995257 0.047844 -0.084703 5.185690 -0.046792 0.998801 0.014354 92.288658 0.085288 -0.010323 0.996303 -0.525987 0.000000 0.000000 0.000000 1.000000
0.995109 0.048078 -0.086293 5.204077 -0.046983 0.998788 0.014672 92.287903 0.086893 -0.010546 0.996162 -0.522662 0.000000 0.000000 0.000000 1.000000
0.994921 0.048413 -0.088251 5.223366 -0.047264 0.998769 0.015071 92.287033 0.088872 -0.010823 0.995984 -0.518672 0.000000 0.000000 0.000000 1.000000
0.994724 0.048830 -0.090223 5.242728 -0.047632 0.998747 0.015380 92.286354 0.090861 -0.011001 0.995803 -0.514930 0.000000 0.000000 0.000000 1.000000
0.994558 0.049307 -0.091779 5.261114 -0.048083 0.998723 0.015503 92.286079 0.092427 -0.011006 0.995659 -0.512053 0.000000 0.000000 0.000000 1.000000
0.994445 0.049833 -0.092718 5.277982 -0.048598 0.998698 0.015526 92.286095 0.093371 -0.010934 0.995571 -0.510122 0.000000 0.000000 0.000000 1.000000
0.994381 0.050401 -0.093096 5.293362 -0.049158 0.998669 0.015598 92.286171 0.093758 -0.010934 0.995535 -0.509143 0.000000 0.000000 0.000000 1.000000
0.994355 0.050978 -0.093060 5.307537 -0.049721 0.998638 0.015784 92.286293 0.093738 -0.011068 0.995535 -0.509369 0.000000 0.000000 0.000000 1.000000
0.994355 0.051488 -0.092774 5.320894 -0.050213 0.998610 0.016023 92.286400 0.093470 -0.011274 0.995558 -0.511021 0.000000 0.000000 0.000000 1.000000
0.994369 0.051905 -0.092395 5.333737 -0.050615 0.998586 0.016248 92.286598 0.093107 -0.011479 0.995590 -0.514148 0.000000 0.000000 0.000000 1.000000
0.994383 0.052323 -0.092007 5.345918 -0.051021 0.998562 0.016442 92.286819 0.092735 -0.011655 0.995623 -0.518693 0.000000 0.000000 0.000000 1.000000
0.994390 0.052840 -0.091629 5.357183 -0.051531 0.998533 0.016595 92.287064 0.092372 -0.011780 0.995655 -0.524580 0.000000 0.000000 0.000000 1.000000
0.994391 0.053448 -0.091268 5.367589 -0.052139 0.998501 0.016663 92.287415 0.092022 -0.011811 0.995687 -0.532015 0.000000 0.000000 0.000000 1.000000
0.994388 0.054083 -0.090931 5.377264 -0.052781 0.998467 0.016662 92.287926 0.091693 -0.011769 0.995718 -0.540992 0.000000 0.000000 0.000000 1.000000
0.994382 0.054692 -0.090622 5.386209 -0.053395 0.998434 0.016676 92.288528 0.091392 -0.011744 0.995746 -0.551106 0.000000 0.000000 0.000000 1.000000
0.994378 0.055238 -0.090335 5.394398 -0.053940 0.998404 0.016741 92.289108 0.091116 -0.011774 0.995771 -0.562084 0.000000 0.000000 0.000000 1.000000
0.994380 0.055685 -0.090037 5.401729 -0.054386 0.998378 0.016824 92.289742 0.090828 -0.011832 0.995796 -0.573786 0.000000 0.000000 0.000000 1.000000
0.994393 0.056019 -0.089686 5.408053 -0.054720 0.998359 0.016884 92.290428 0.090484 -0.011882 0.995827 -0.586092 0.000000 0.000000 0.000000 1.000000
0.994411 0.056266 -0.089341 5.413409 -0.054969 0.998345 0.016920 92.291115 0.090145 -0.011915 0.995857 -0.598787 0.000000 0.000000 0.000000 1.000000
0.994412 0.056476 -0.089187 5.418086 -0.055179 0.998333 0.016947 92.291733 0.089995 -0.011931 0.995871 -0.611745 0.000000 0.000000 0.000000 1.000000
0.994390 0.056583 -0.089364 5.423139 -0.055283 0.998327 0.016959 92.292343 0.090174 -0.011923 0.995855 -0.625015 0.000000 0.000000 0.000000 1.000000
0.994349 0.056543 -0.089848 5.428750 -0.055237 0.998329 0.016954 92.292992 0.090657 -0.011895 0.995811 -0.638609 0.000000 0.000000 0.000000 1.000000
0.994297 0.056402 -0.090511 5.433921 -0.055090 0.998338 0.016926 92.293694 0.091316 -0.011844 0.995752 -0.652593 0.000000 0.000000 0.000000 1.000000
0.994233 0.056232 -0.091317 5.437806 -0.054915 0.998348 0.016876 92.294472 0.092116 -0.011764 0.995679 -0.667017 0.000000 0.000000 0.000000 1.000000
0.994141 0.056059 -0.092417 5.446565 -0.054734 0.998359 0.016813 92.295273 0.093208 -0.011657 0.995578 -0.681873 0.000000 0.000000 0.000000 1.000000
0.994007 0.055864 -0.093961 5.453121 -0.054528 0.998372 0.016733 92.296104 0.094742 -0.011509 0.995435 -0.697169 0.000000 0.000000 0.000000 1.000000
0.993840 0.055682 -0.095817 5.457505 -0.054329 0.998384 0.016671 92.296898 0.096590 -0.011362 0.995259 -0.712797 0.000000 0.000000 0.000000 1.000000
0.993688 0.055556 -0.097455 5.461948 -0.054183 0.998392 0.016689 92.297440 0.098225 -0.011303 0.995100 -0.728595 0.000000 0.000000 0.000000 1.000000
0.993604 0.055548 -0.098314 5.463675 -0.054151 0.998391 0.016825 92.297440 0.099091 -0.011394 0.995013 -0.744519 0.000000 0.000000 0.000000 1.000000
0.993589 0.055666 -0.098396 5.462725 -0.054245 0.998382 0.017065 92.296959 0.099187 -0.011618 0.995001 -0.760570 0.000000 0.000000 0.000000 1.000000
0.993594 0.055820 -0.098264 5.460769 -0.054375 0.998370 0.017329 92.296341 0.099071 -0.011875 0.995009 -0.776805 0.000000 0.000000 0.000000 1.000000
0.993578 0.055927 -0.098366 5.459106 -0.054458 0.998362 0.017552 92.295776 0.099187 -0.012083 0.994995 -0.793262 0.000000 0.000000 0.000000 1.000000
0.993550 0.055985 -0.098611 5.457523 -0.054494 0.998356 0.017754 92.295273 0.099443 -0.012266 0.994968 -0.809854 0.000000 0.000000 0.000000 1.000000
0.993533 0.056049 -0.098742 5.455309 -0.054533 0.998350 0.017993 92.294678 0.099587 -0.012492 0.994950 -0.826432 0.000000 0.000000 0.000000 1.000000
0.993529 0.056134 -0.098735 5.452391 -0.054590 0.998342 0.018272 92.293961 0.099597 -0.012764 0.994946 -0.842866 0.000000 0.000000 0.000000 1.000000
0.993525 0.056188 -0.098743 5.449259 -0.054620 0.998335 0.018519 92.293289 0.099619 -0.013006 0.994941 -0.859188 0.000000 0.000000 0.000000 1.000000
0.993513 0.056152 -0.098888 5.446367 -0.054569 0.998336 0.018644 92.292946 0.099771 -0.013127 0.994924 -0.875545 0.000000 0.000000 0.000000 1.000000
0.993497 0.056038 -0.099110 5.443592 -0.054451 0.998342 0.018649 92.292809 0.099991 -0.013131 0.994902 -0.891916 0.000000 0.000000 0.000000 1.000000
0.993501 0.055995 -0.099094 5.439776 -0.054406 0.998344 0.018665 92.292534 0.099975 -0.013152 0.994903 -0.908039 0.000000 0.000000 0.000000 1.000000
0.993547 0.056176 -0.098529 5.433847 -0.054575 0.998331 0.018869 92.291527 0.099424 -0.013370 0.994955 -0.923557 0.000000 0.000000 0.000000 1.000000
0.993625 0.056552 -0.097521 5.426293 -0.054925 0.998304 0.019293 92.289673 0.098447 -0.013814 0.995046 -0.938349 0.000000 0.000000 0.000000 1.000000
0.993695 0.056945 -0.096584 5.418862 -0.055285 0.998275 0.019781 92.287300 0.097544 -0.014317 0.995128 -0.952568 0.000000 0.000000 0.000000 1.000000
0.993725 0.057199 -0.096123 5.412994 -0.055513 0.998255 0.020128 92.284668 0.097107 -0.014665 0.995166 -0.966486 0.000000 0.000000 0.000000 1.000000
0.993723 0.057317 -0.096066 5.408529 -0.055617 0.998246 0.020287 92.281807 0.097061 -0.014817 0.995168 -0.980181 0.000000 0.000000 0.000000 1.000000
0.993718 0.057390 -0.096082 5.404438 -0.055679 0.998240 0.020397 92.278732 0.097084 -0.014919 0.995164 -0.993368 0.000000 0.000000 0.000000 1.000000
0.993719 0.057463 -0.096019 5.400347 -0.055736 0.998233 0.020579 92.275543 0.097032 -0.015098 0.995167 -1.003800 0.000000 0.000000 0.000000 1.000000
0.993722 0.057528 -0.095956 5.396510 -0.055779 0.998226 0.020818 92.272446 0.096984 -0.015335 0.995168 -1.013726 0.000000 0.000000 0.000000 1.000000
0.993721 0.057551 -0.095953 5.393175 -0.055782 0.998222 0.021021 92.269890 0.096992 -0.015537 0.995164 -1.022743 0.000000 0.000000 0.000000 1.000000
0.993721 0.057497 -0.095984 5.390279 -0.055717 0.998223 0.021119 92.268211 0.097028 -0.015639 0.995159 -1.028361 0.000000 0.000000 0.000000 1.000000
0.993720 0.057358 -0.096081 5.387824 -0.055578 0.998231 0.021100 92.267715 0.097122 -0.015627 0.995150 -1.029600 0.000000 0.000000 0.000000 1.000000
0.993704 0.057179 -0.096347 5.385980 -0.055402 0.998243 0.021019 92.268867 0.097379 -0.015549 0.995126 -1.027367 0.000000 0.000000 0.000000 1.000000
0.993671 0.057040 -0.096774 5.384550 -0.055261 0.998252 0.020968 92.271347 0.097801 -0.015488 0.995085 -1.022831 0.000000 0.000000 0.000000 1.000000
0.993631 0.056965 -0.097228 5.383187 -0.055177 0.998256 0.020981 92.274567 0.098254 -0.015482 0.995041 -1.017328 0.000000 0.000000 0.000000 1.000000
0.993597 0.056890 -0.097609 5.381748 -0.055096 0.998261 0.020985 92.278107 0.098633 -0.015472 0.995004 -1.012140 0.000000 0.000000 0.000000 1.000000
0.993574 0.056764 -0.097925 5.380330 -0.054973 0.998269 0.020897 92.281616 0.098942 -0.015379 0.994974 -1.007153 0.000000 0.000000 0.000000 1.000000
0.993552 0.056590 -0.098240 5.379000 -0.054811 0.998282 0.020722 92.284615 0.099244 -0.015203 0.994947 -1.001735 0.000000 0.000000 0.000000 1.000000
0.993529 0.056398 -0.098589 5.377791 -0.054632 0.998296 0.020518 92.286552 0.099578 -0.014999 0.994917 -0.996586 0.000000 0.000000 0.000000 1.000000
0.993512 0.056206 -0.098873 5.376516 -0.054453 0.998309 0.020338 92.287315 0.099848 -0.014822 0.994892 -0.992102 0.000000 0.000000 0.000000 1.000000
0.993519 0.056048 -0.098888 5.374692 -0.054307 0.998320 0.020212 92.287331 0.099854 -0.014710 0.994893 -0.986000 0.000000 0.000000 0.000000 1.000000
0.993557 0.055947 -0.098563 5.372097 -0.054220 0.998326 0.020121 92.286720 0.099524 -0.014647 0.994927 -0.975973 0.000000 0.000000 0.000000 1.000000
0.993607 0.055857 -0.098110 5.365235 -0.054147 0.998332 0.020015 92.285835 0.099065 -0.014574 0.994974 -0.963443 0.000000 0.000000 0.000000 1.000000
0.993645 0.055693 -0.097821 5.356058 -0.054002 0.998344 0.019848 92.284912 0.098764 -0.014439 0.995006 -0.951861 0.000000 0.000000 0.000000 1.000000
0.993661 0.055404 -0.097822 5.347534 -0.053733 0.998362 0.019634 92.284027 0.098750 -0.014254 0.995010 -0.942793 0.000000 0.000000 0.000000 1.000000
0.993657 0.055015 -0.098076 5.339728 -0.053361 0.998387 0.019408 92.283180 0.098986 -0.014051 0.994990 -0.935702 0.000000 0.000000 0.000000 1.000000
0.993638 0.054629 -0.098483 5.332193 -0.052987 0.998410 0.019207 92.282173 0.099376 -0.013867 0.994953 -0.928905 0.000000 0.000000 0.000000 1.000000
0.993611 0.054339 -0.098913 5.324416 -0.052704 0.998428 0.019075 92.280754 0.099794 -0.013740 0.994913 -0.920515 0.000000 0.000000 0.000000 1.000000
0.993593 0.054153 -0.099204 5.316003 -0.052521 0.998439 0.018991 92.279068 0.100077 -0.013659 0.994886 -0.909587 0.000000 0.000000 0.000000 1.000000
0.993594 0.054032 -0.099254 5.306543 -0.052412 0.998447 0.018860 92.277382 0.100119 -0.013537 0.994883 -0.896930 0.000000 0.000000 0.000000 1.000000
0.993610 0.053911 -0.099164 5.296387 -0.052321 0.998458 0.018572 92.276062 0.100013 -0.013265 0.994898 -0.885267 0.000000 0.000000 0.000000 1.000000
0.993624 0.053741 -0.099117 5.286373 -0.052201 0.998473 0.018070 92.275383 0.099937 -0.012781 0.994912 -0.877114 0.000000 0.000000 0.000000 1.000000
0.993634 0.053530 -0.099122 5.276786 -0.052056 0.998492 0.017405 92.274979 0.099904 -0.012135 0.994923 -0.870332 0.000000 0.000000 0.000000 1.000000
0.993656 0.053329 -0.099014 5.267108 -0.051934 0.998512 0.016617 92.274551 0.099753 -0.011370 0.994947 -0.858199 0.000000 0.000000 0.000000 1.000000
0.993700 0.053163 -0.098664 5.256809 -0.051867 0.998531 0.015664 92.274300 0.099352 -0.010448 0.994998 -0.834629 0.000000 0.000000 0.000000 1.000000
0.993756 0.052992 -0.098191 5.246296 -0.051806 0.998551 0.014590 92.274498 0.098822 -0.009412 0.995061 -0.801042 0.000000 0.000000 0.000000 1.000000
0.993793 0.052831 -0.097895 5.236248 -0.051737 0.998567 0.013676 92.274895 0.098477 -0.008526 0.995103 -0.766886 0.000000 0.000000 0.000000 1.000000
0.993806 0.052785 -0.097795 5.226543 -0.051741 0.998573 0.013185 92.275307 0.098352 -0.008043 0.995119 -0.738414 0.000000 0.000000 0.000000 1.000000
0.993822 0.052937 -0.097546 5.216205 -0.051903 0.998566 0.013109 92.276093 0.098100 -0.007965 0.995145 -0.712580 0.000000 0.000000 0.000000 1.000000
0.993862 0.053187 -0.097002 5.205017 -0.052147 0.998552 0.013227 92.277596 0.097565 -0.008088 0.995196 -0.686005 0.000000 0.000000 0.000000 1.000000
0.993911 0.053322 -0.096424 5.193997 -0.052285 0.998544 0.013251 92.279938 0.096990 -0.008129 0.995252 -0.661352 0.000000 0.000000 0.000000 1.000000
0.993954 0.053267 -0.096015 5.183728 -0.052253 0.998549 0.013044 92.283066 0.096570 -0.007948 0.995294 -0.640748 0.000000 0.000000 0.000000 1.000000
0.993993 0.053121 -0.095691 5.173751 -0.052145 0.998559 0.012673 92.286339 0.096226 -0.007607 0.995330 -0.622512 0.000000 0.000000 0.000000 1.000000
0.994039 0.053014 -0.095271 5.163329 -0.052076 0.998567 0.012309 92.289581 0.095787 -0.007275 0.995375 -0.605359 0.000000 0.000000 0.000000 1.000000
0.994104 0.052982 -0.094610 5.152006 -0.052069 0.998570 0.012098 92.292770 0.095115 -0.007101 0.995441 -0.589244 0.000000 0.000000 0.000000 1.000000
0.994193 0.052982 -0.093663 5.139717 -0.052081 0.998570 0.012037 92.295715 0.094167 -0.007089 0.995531 -0.572749 0.000000 0.000000 0.000000 1.000000
0.994296 0.052972 -0.092572 5.126873 -0.052082 0.998571 0.012003 92.298370 0.093076 -0.007113 0.995634 -0.554338 0.000000 0.000000 0.000000 1.000000
0.994394 0.052936 -0.091537 5.113973 -0.052066 0.998573 0.011875 92.300827 0.092035 -0.007042 0.995731 -0.535701 0.000000 0.000000 0.000000 1.000000
0.994481 0.052864 -0.090624 5.101265 -0.052025 0.998578 0.011595 92.302872 0.091108 -0.006816 0.995818 -0.520492 0.000000 0.000000 0.000000 1.000000
0.994563 0.052764 -0.089775 5.088702 -0.051966 0.998586 0.011202 92.304626 0.090239 -0.006476 0.995899 -0.509423 0.000000 0.000000 0.000000 1.000000
0.994642 0.052658 -0.088963 5.076245 -0.051906 0.998594 0.010747 92.306419 0.089404 -0.006072 0.995977 -0.499847 0.000000 0.000000 0.000000 1.000000
0.994711 0.052550 -0.088253 5.064087 -0.051846 0.998602 0.010259 92.308250 0.088668 -0.005629 0.996045 -0.489558 0.000000 0.000000 0.000000 1.000000
0.994762 0.052432 -0.087746 5.052511 -0.051775 0.998611 0.009742 92.310104 0.088135 -0.005148 0.996095 -0.479367 0.000000 0.000000 0.000000 1.000000
0.994791 0.052296 -0.087503 5.041672 -0.051689 0.998621 0.009191 92.312012 0.087863 -0.004620 0.996122 -0.471083 0.000000 0.000000 0.000000 1.000000
0.994804 0.052144 -0.087442 5.031389 -0.051585 0.998631 0.008639 92.313889 0.087773 -0.004083 0.996132 -0.464126 0.000000 0.000000 0.000000 1.000000
0.994823 0.051968 -0.087325 5.021153 -0.051452 0.998642 0.008153 92.315468 0.087630 -0.003618 0.996146 -0.456037 0.000000 0.000000 0.000000 1.000000
0.994868 0.051752 -0.086945 5.010556 -0.051268 0.998655 0.007786 92.316620 0.087231 -0.003289 0.996183 -0.445600 0.000000 0.000000 0.000000 1.000000
0.994942 0.051470 -0.086266 4.993135 -0.051007 0.998670 0.007563 92.317284 0.086540 -0.003124 0.996243 -0.434238 0.000000 0.000000 0.000000 1.000000
0.995039 0.051115 -0.085347 4.976071 -0.050662 0.998688 0.007472 92.317505 0.085617 -0.003111 0.996323 -0.423724 0.000000 0.000000 0.000000 1.000000
0.995157 0.050684 -0.084225 4.958653 -0.050231 0.998710 0.007486 92.317413 0.084496 -0.003219 0.996419 -0.412810 0.000000 0.000000 0.000000 1.000000
0.995288 0.050183 -0.082970 4.938843 -0.049728 0.998734 0.007543 92.317154 0.083243 -0.003381 0.996524 -0.398267 0.000000 0.000000 0.000000 1.000000
0.995406 0.049662 -0.081851 4.914666 -0.049206 0.998760 0.007581 92.316917 0.082126 -0.003519 0.996616 -0.379823 0.000000 0.000000 0.000000 1.000000
0.995479 0.049187 -0.081253 4.885753 -0.048731 0.998783 0.007581 92.316757 0.081527 -0.003587 0.996665 -0.361936 0.000000 0.000000 0.000000 1.000000
0.995498 0.048775 -0.081273 4.852283 -0.048319 0.998803 0.007563 92.316399 0.081544 -0.003602 0.996663 -0.347111 0.000000 0.000000 0.000000 1.000000
0.995494 0.048375 -0.081554 4.813718 -0.047920 0.998823 0.007526 92.315758 0.081822 -0.003584 0.996640 -0.331249 0.000000 0.000000 0.000000 1.000000
0.995509 0.047951 -0.081627 4.769790 -0.047501 0.998843 0.007453 92.314926 0.081890 -0.003542 0.996635 -0.309483 0.000000 0.000000 0.000000 1.000000
0.995550 0.047606 -0.081324 4.722094 -0.047158 0.998860 0.007421 92.313896 0.081585 -0.003553 0.996660 -0.284302 0.000000 0.000000 0.000000 1.000000
0.995596 0.047441 -0.080855 4.674210 -0.046986 0.998867 0.007522 92.312691 0.081121 -0.003690 0.996697 -0.263759 0.000000 0.000000 0.000000 1.000000
0.995625 0.047429 -0.080508 4.628933 -0.046958 0.998867 0.007725 92.311462 0.080783 -0.003911 0.996724 -0.251100 0.000000 0.000000 0.000000 1.000000
0.995634 0.047445 -0.080384 4.587419 -0.046962 0.998866 0.007882 92.310570 0.080667 -0.004073 0.996733 -0.242448 0.000000 0.000000 0.000000 1.000000
0.995635 0.047357 -0.080421 4.550321 -0.046874 0.998870 0.007889 92.310257 0.080703 -0.004085 0.996730 -0.233827 0.000000 0.000000 0.000000 1.000000
0.995639 0.047144 -0.080501 4.517613 -0.046669 0.998880 0.007774 92.310486 0.080778 -0.003983 0.996724 -0.224923 0.000000 0.000000 0.000000 1.000000
0.995647 0.046882 -0.080553 4.489254 -0.046416 0.998893 0.007639 92.311005 0.080822 -0.003867 0.996721 -0.217464 0.000000 0.000000 0.000000 1.000000
0.995652 0.046639 -0.080636 4.467018 -0.046179 0.998905 0.007560 92.311638 0.080901 -0.003803 0.996715 -0.213647 0.000000 0.000000 0.000000 1.000000
0.995641 0.046438 -0.080889 4.453286 -0.045980 0.998914 0.007514 92.312454 0.081150 -0.003762 0.996695 -0.214864 0.000000 0.000000 0.000000 1.000000
0.995614 0.046224 -0.081338 4.448288 -0.045773 0.998924 0.007403 92.313591 0.081592 -0.003647 0.996659 -0.219743 0.000000 0.000000 0.000000 1.000000
0.995585 0.045934 -0.081858 4.451804 -0.045499 0.998939 0.007176 92.315224 0.082100 -0.003420 0.996618 -0.225498 0.000000 0.000000 0.000000 1.000000
0.995565 0.045583 -0.082297 4.457020 -0.045168 0.998956 0.006903 92.317123 0.082526 -0.003155 0.996584 -0.231806 0.000000 0.000000 0.000000 1.000000
0.995558 0.045254 -0.082564 4.463474 -0.044852 0.998971 0.006711 92.319473 0.082783 -0.002978 0.996563 -0.240620 0.000000 0.000000 0.000000 1.000000
0.995565 0.044989 -0.082617 4.470919 -0.044590 0.998983 0.006661 92.322258 0.082833 -0.002947 0.996559 -0.252516 0.000000 0.000000 0.000000 1.000000
0.995588 0.044786 -0.082459 4.479278 -0.044382 0.998992 0.006718 92.324936 0.082676 -0.003029 0.996572 -0.266088 0.000000 0.000000 0.000000 1.000000
0.995619 0.044632 -0.082162 4.488666 -0.044221 0.998998 0.006823 92.326965 0.082384 -0.003160 0.996596 -0.280950 0.000000 0.000000 0.000000 1.000000
0.995653 0.044519 -0.081811 4.499212 -0.044098 0.999003 0.006938 92.328445 0.082039 -0.003300 0.996624 -0.297296 0.000000 0.000000 0.000000 1.000000
0.995688 0.044436 -0.081431 4.510890 -0.044006 0.999006 0.007078 92.329590 0.081665 -0.003464 0.996654 -0.313355 0.000000 0.000000 0.000000 1.000000
0.995717 0.044391 -0.081094 4.523798 -0.043946 0.999007 0.007266 92.330246 0.081336 -0.003671 0.996680 -0.328171 0.000000 0.000000 0.000000 1.000000
0.995725 0.044486 -0.080947 4.537532 -0.044023 0.999002 0.007495 92.330292 0.081200 -0.003899 0.996690 -0.344138 0.000000 0.000000 0.000000 1.000000
0.995709 0.044762 -0.080997 4.551801 -0.044279 0.998989 0.007745 92.330063 0.081261 -0.004126 0.996684 -0.362571 0.000000 0.000000 0.000000 1.000000
0.995684 0.045124 -0.081098 4.566820 -0.044621 0.998972 0.008004 92.329796 0.081376 -0.004351 0.996674 -0.381396 0.000000 0.000000 0.000000 1.000000
0.995657 0.045463 -0.081245 4.583120 -0.044940 0.998956 0.008254 92.329491 0.081535 -0.004567 0.996660 -0.400039 0.000000 0.000000 0.000000 1.000000
0.995619 0.045685 -0.081586 4.601590 -0.045143 0.998945 0.008476 92.329254 0.081887 -0.004755 0.996630 -0.421307 0.000000 0.000000 0.000000 1.000000
0.995573 0.045800 -0.082077 4.621891 -0.045239 0.998938 0.008688 92.329102 0.082388 -0.004936 0.996588 -0.446631 0.000000 0.000000 0.000000 1.000000
0.995540 0.045901 -0.082423 4.642638 -0.045315 0.998933 0.008961 92.328720 0.082746 -0.005186 0.996557 -0.474801 0.000000 0.000000 0.000000 1.000000
0.995536 0.046032 -0.082398 4.663090 -0.045416 0.998925 0.009334 92.328049 0.082739 -0.005551 0.996556 -0.505014 0.000000 0.000000 0.000000 1.000000
0.995558 0.046203 -0.082032 4.683184 -0.045553 0.998914 0.009782 92.327133 0.082395 -0.006002 0.996582 -0.536599 0.000000 0.000000 0.000000 1.000000
0.995591 0.046363 -0.081547 4.703391 -0.045679 0.998904 0.010232 92.326187 0.081932 -0.006462 0.996617 -0.566746 0.000000 0.000000 0.000000 1.000000
0.995612 0.046444 -0.081234 4.724313 -0.045732 0.998897 0.010610 92.325462 0.081637 -0.006848 0.996639 -0.592074 0.000000 0.000000 0.000000 1.000000
0.995614 0.046416 -0.081228 4.746121 -0.045681 0.998897 0.010891 92.325050 0.081644 -0.007133 0.996636 -0.612163 0.000000 0.000000 0.000000 1.000000
0.995615 0.046324 -0.081272 4.767878 -0.045570 0.998899 0.011115 92.324753 0.081698 -0.007362 0.996630 -0.628979 0.000000 0.000000 0.000000 1.000000
0.995643 0.046236 -0.080979 4.788302 -0.045466 0.998902 0.011338 92.324394 0.081414 -0.007607 0.996651 -0.643836 0.000000 0.000000 0.000000 1.000000
0.995702 0.046159 -0.080296 4.807241 -0.045374 0.998903 0.011573 92.323860 0.080743 -0.007880 0.996704 -0.656583 0.000000 0.000000 0.000000 1.000000
0.995772 0.046076 -0.079472 4.825293 -0.045280 0.998905 0.011788 92.323227 0.079928 -0.008140 0.996767 -0.667189 0.000000 0.000000 0.000000 1.000000
0.995834 0.046006 -0.078726 4.842706 -0.045202 0.998906 0.011966 92.322662 0.079190 -0.008358 0.996824 -0.676086 0.000000 0.000000 0.000000 1.000000
0.995886 0.045980 -0.078089 4.859301 -0.045169 0.998906 0.012125 92.322075 0.078561 -0.008548 0.996873 -0.683267 0.000000 0.000000 0.000000 1.000000
0.995929 0.046026 -0.077511 4.874729 -0.045204 0.998902 0.012328 92.321327 0.077994 -0.008774 0.996915 -0.687769 0.000000 0.000000 0.000000 1.000000
0.995963 0.046106 -0.077018 4.889232 -0.045268 0.998896 0.012591 92.320351 0.077514 -0.009053 0.996950 -0.689268 0.000000 0.000000 0.000000 1.000000
0.995985 0.046158 -0.076700 4.903354 -0.045301 0.998890 0.012872 92.319221 0.077209 -0.009346 0.996971 -0.689355 0.000000 0.000000 0.000000 1.000000
0.995994 0.046181 -0.076569 4.917125 -0.045304 0.998887 0.013153 92.318062 0.077091 -0.009632 0.996978 -0.689948 0.000000 0.000000 0.000000 1.000000
0.995996 0.046193 -0.076545 4.930292 -0.045296 0.998883 0.013421 92.316956 0.077079 -0.009900 0.996976 -0.691744 0.000000 0.000000 0.000000 1.000000
0.995993 0.046198 -0.076569 4.942667 -0.045284 0.998881 0.013631 92.315872 0.077113 -0.010109 0.996971 -0.694416 0.000000 0.000000 0.000000 1.000000
0.995987 0.046168 -0.076677 4.954396 -0.045248 0.998882 0.013692 92.315002 0.077223 -0.010168 0.996962 -0.697813 0.000000 0.000000 0.000000 1.000000
0.995969 0.046096 -0.076941 4.965640 -0.045182 0.998886 0.013580 92.314438 0.077482 -0.010048 0.996943 -0.701684 0.000000 0.000000 0.000000 1.000000
0.995938 0.046023 -0.077386 4.976318 -0.045121 0.998892 0.013367 92.313957 0.077915 -0.009821 0.996912 -0.705382 0.000000 0.000000 0.000000 1.000000
0.995897 0.045999 -0.077934 4.986070 -0.045107 0.998895 0.013169 92.313377 0.078454 -0.009600 0.996872 -0.707475 0.000000 0.000000 0.000000 1.000000
0.995853 0.046058 -0.078451 4.994372 -0.045169 0.998894 0.013072 92.312469 0.078966 -0.009474 0.996832 -0.705949 0.000000 0.000000 0.000000 1.000000
0.995816 0.046179 -0.078856 5.001082 -0.045287 0.998889 0.013061 92.311203 0.079371 -0.009436 0.996800 -0.700070 0.000000 0.000000 0.000000 1.000000
0.995785 0.046307 -0.079175 5.006508 -0.045412 0.998883 0.013073 92.309822 0.079692 -0.009422 0.996775 -0.691006 0.000000 0.000000 0.000000 1.000000
0.995756 0.046415 -0.079468 5.010976 -0.045515 0.998878 0.013095 92.308395 0.079987 -0.009422 0.996751 -0.680060 0.000000 0.000000 0.000000 1.000000
0.995727 0.046506 -0.079775 5.014660 -0.045600 0.998873 0.013149 92.306900 0.080296 -0.009456 0.996726 -0.668102 0.000000 0.000000 0.000000 1.000000
0.995696 0.046615 -0.080101 5.017609 -0.045695 0.998867 0.013277 92.305161 0.080629 -0.009560 0.996698 -0.655998 0.000000 0.000000 0.000000 1.000000
0.995660 0.046764 -0.080463 5.019956 -0.045826 0.998859 0.013461 92.303238 0.081000 -0.009715 0.996667 -0.645677 0.000000 0.000000 0.000000 1.000000
0.995619 0.046932 -0.080867 5.021887 -0.045977 0.998849 0.013634 92.301224 0.081414 -0.009856 0.996632 -0.639088 0.000000 0.000000 0.000000 1.000000
0.995583 0.047057 -0.081241 5.023495 -0.046093 0.998843 0.013695 92.299530 0.081792 -0.009890 0.996600 -0.636262 0.000000 0.000000 0.000000 1.000000
0.995575 0.046976 -0.081385 5.025316 -0.046019 0.998848 0.013590 92.298416 0.081930 -0.009784 0.996590 -0.634674 0.000000 0.000000 0.000000 1.000000</float_array><technique_common><accessor source="#mixamorig_Hips-Matrix-animation-output-transform-array" count="181" stride="16"><param type="float4x4"/></accessor></technique_common></source><source id="mixamorig_Hips-Interpolations"><Name_array id="mixamorig_Hips-Interpolations-array" count="181">
 LINEAR LINEAR LINEAR LINEAR LINEAR LINEAR LINEAR LINEAR LINEAR LINEAR LINEAR
LINEAR LINEAR LINEAR LINEAR LINEAR LINEAR LINEAR LINEAR LINEAR LINEAR LINEAR LINEAR
LINEAR LINEAR LINEAR LINEAR LINEAR LINEAR LINEAR LINEAR LINEAR LINEAR LINEAR LINEAR
LINEAR LINEAR LINEAR LINEAR LINEAR LINEAR LINEAR LINEAR LINEAR LINEAR LINEAR LINEAR
LINEAR LINEAR LINEAR LINEAR LINEAR LINEAR LINEAR LINEAR LINEAR LINEAR LINEAR LINEAR
LINEAR LINEAR LINEAR LINEAR LINEAR LINEAR LINEAR LINEAR LINEAR LINEAR LINEAR LINEAR
LINEAR LINEAR LINEAR LINEAR LINEAR LINEAR LINEAR LINEAR LINEAR LINEAR LINEAR LINEAR
LINEAR LINEAR LINEAR LINEAR LINEAR LINEAR LINEAR LINEAR LINEAR LINEAR LINEAR LINEAR
LINEAR LINEAR LINEAR LINEAR LINEAR LINEAR LINEAR LINEAR LINEAR LINEAR LINEAR LINEAR
LINEAR LINEAR LINEAR LINEAR LINEAR LINEAR LINEAR LINEAR LINEAR LINEAR LINEAR LINEAR
LINEAR LINEAR LINEAR LINEAR LINEAR LINEAR LINEAR LINEAR LINEAR LINEAR LINEAR LINEAR
LINEAR LINEAR LINEAR LINEAR LINEAR LINEAR LINEAR LINEAR LINEAR LINEAR LINEAR LINEAR
LINEAR LINEAR LINEAR LINEAR LINEAR LINEAR LINEAR LINEAR LINEAR LINEAR LINEAR LINEAR
LINEAR LINEAR LINEAR LINEAR LINEAR LINEAR LINEAR LINEAR LINEAR LINEAR LINEAR LINEAR
LINEAR LINEAR LINEAR LINEAR LINEAR LINEAR LINEAR LINEAR LINEAR LINEAR LINEAR LINEAR
LINEAR LINEAR</Name_array><technique_common><accessor source="#mixamorig_Hips-Interpolations-array" count="181"><param type="name"/></accessor></technique_common></source><sampler id="mixamorig_Hips-Matrix-animation-transform"><input semantic="INPUT" source="#mixamorig_Hips-Matrix-animation-input"/><input semantic="OUTPUT" source="#mixamorig_Hips-Matrix-animation-output-transform"/><input semantic="INTERPOLATION" source="#mixamorig_Hips-Interpolations"/></sampler><channel source="#mixamorig_Hips-Matrix-animation-transform" target="mixamorig_Hips/matrix"/></animation>
    <animation id="mixamorig_Spine-anim" name="mixamorig_Spine"><source id="mixamorig_Spine-Matrix-animation-input"><float_array id="mixamorig_Spine-Matrix-animation-input-array" count="181">

0.000000 0.033333 0.066667 0.100000 0.133333 0.166667 0.200000 0.233333 0.266667 0.300000 0.333333 0.366667 0.400000 0.433333 0.466667 0.500000
0.533333 0.566667 0.600000 0.633333 0.666667 0.700000 0.733333 0.766667 0.800000 0.833333 0.866667 0.900000 0.933333 0.966667 1.000000 1.033333
1.066667 1.100000 1.133333 1.166667 1.200000 1.233333 1.266667 1.300000 1.333333 1.366667 1.400000 1.433333 1.466667 1.500000 1.533333 1.566667
1.600000 1.633333 1.666667 1.700000 1.733333 1.766667 1.800000 1.833333 1.866667 1.900000 1.933333 1.966667 2.000000 2.033333 2.066667 2.100000
2.133333 2.166667 2.200000 2.233333 2.266667 2.300000 2.333333 2.366667 2.400000 2.433333 2.466667 2.500000 2.533333 2.566667 2.600000 2.633333
2.666667 2.700000 2.733333 2.766667 2.800000 2.833333 2.866667 2.900000 2.933333 2.966667 3.000000 3.033333 3.066667 3.100000 3.133333 3.166667
3.200000 3.233333 3.266667 3.300000 3.333333 3.366667 3.400000 3.433333 3.466667 3.500000 3.533333 3.566667 3.600000 3.633333 3.666667 3.700000
3.733333 3.766667 3.800000 3.833333 3.866667 3.900000 3.933333 3.966667 4.000000 4.033333 4.066667 4.100000 4.133333 4.166667 4.200000 4.233333
4.266667 4.300000 4.333333 4.366667 4.400000 4.433333 4.466667 4.500000 4.533333 4.566667 4.600000 4.633333 4.666667 4.700000 4.733333 4.766667
4.800000 4.833333 4.866667 4.900000 4.933333 4.966667 5.000000 5.033333 5.066667 5.100000 5.133333 5.166667 5.200000 5.233333 5.266667 5.300000
5.333333 5.366667 5.400000 5.433333 5.466667 5.500000 5.533333 5.566667 5.600000 5.633333 5.666667 5.700000 5.733333 5.766667 5.800000 5.833333
5.866667 5.900000 5.933333 5.966667 6.000000</float_array><technique_common><accessor source="#mixamorig_Spine-Matrix-animation-input-array" count="181"><param name="TIME" type="float"/></accessor></technique_common></source><source id="mixamorig_Spine-Matrix-animation-output-transform"><float_array id="mixamorig_Spine-Matrix-animation-output-transform-array" count="2896">

0.999580 -0.026549 0.011616 -0.000000 0.026331 0.999482 0.018499 8.600700 -0.012102 -0.018186 0.999761 -0.340700 0.000000 0.000000 0.000000 1.000000
0.999580 -0.026540 0.011658 0.000000 0.026322 0.999482 0.018510 8.600700 -0.012144 -0.018195 0.999761 -0.340700 0.000000 0.000000 0.000000 1.000000
0.999580 -0.026530 0.011682 -0.000000 0.026310 0.999482 0.018524 8.600700 -0.012168 -0.018209 0.999760 -0.340700 0.000000 0.000000 0.000000 1.000000
0.999580 -0.026523 0.011680 -0.000000 0.026303 0.999482 0.018544 8.600700 -0.012166 -0.018229 0.999760 -0.340700 0.000000 0.000000 0.000000 1.000000
0.999580 -0.026518 0.011664 0.000000 0.026299 0.999481 0.018586 8.600700 -0.012151 -0.018271 0.999759 -0.340700 0.000000 0.000000 0.000000 1.000000
0.999581 -0.026512 0.011650 -0.000000 0.026292 0.999480 0.018658 8.600700 -0.012139 -0.018344 0.999758 -0.340700 0.000000 0.000000 0.000000 1.000000
0.999581 -0.026501 0.011637 0.000000 0.026280 0.999479 0.018752 8.600700 -0.012128 -0.018438 0.999756 -0.340700 0.000000 0.000000 0.000000 1.000000
0.999582 -0.026486 0.011618 0.000000 0.026264 0.999477 0.018849 8.600700 -0.012111 -0.018535 0.999755 -0.340700 0.000000 0.000000 0.000000 1.000000
0.999582 -0.026470 0.011592 -0.000000 0.026247 0.999476 0.018948 8.600700 -0.012088 -0.018636 0.999753 -0.340700 0.000000 0.000000 0.000000 1.000000
0.999583 -0.026461 0.011561 -0.000000 0.026237 0.999474 0.019067 8.600700 -0.012059 -0.018755 0.999751 -0.340700 0.000000 0.000000 0.000000 1.000000
0.999584 -0.026459 0.011516 0.000000 0.026234 0.999471 0.019209 8.600700 -0.012018 -0.018899 0.999749 -0.340700 0.000000 0.000000 0.000000 1.000000
0.999585 -0.026457 0.011438 0.000000 0.026233 0.999468 0.019354 8.600700 -0.011944 -0.019045 0.999747 -0.340700 0.000000 0.000000 0.000000 1.000000
0.999586 -0.026455 0.011323 0.000000 0.026231 0.999466 0.019487 8.600700 -0.011832 -0.019182 0.999746 -0.340700 0.000000 0.000000 0.000000 1.000000
0.999588 -0.026448 0.011187 -0.000000 0.026225 0.999463 0.019625 8.600700 -0.011700 -0.019323 0.999745 -0.340700 0.000000 0.000000 0.000000 1.000000
0.999589 -0.026441 0.011046 -0.000000 0.026219 0.999460 0.019780 8.600700 -0.011563 -0.019483 0.999743 -0.340700 0.000000 0.000000 0.000000 1.000000
0.999591 -0.026438 0.010898 0.000000 0.026217 0.999457 0.019953 8.600700 -0.011419 -0.019659 0.999742 -0.340700 0.000000 0.000000 0.000000 1.000000
0.999593 -0.026438 0.010737 0.000000 0.026218 0.999453 0.020136 8.600700 -0.011263 -0.019846 0.999740 -0.340700 0.000000 0.000000 0.000000 1.000000
0.999595 -0.026433 0.010563 -0.000000 0.026215 0.999450 0.020326 8.600700 -0.011094 -0.020041 0.999738 -0.340700 0.000000 0.000000 0.000000 1.000000
0.999597 -0.026424 0.010376 0.000000 0.026207 0.999446 0.020517 8.600700 -0.010912 -0.020237 0.999736 -0.340700 0.000000 0.000000 0.000000 1.000000
0.999599 -0.026415 0.010180 0.000000 0.026200 0.999442 0.020702 8.600700 -0.010721 -0.020427 0.999734 -0.340700 0.000000 0.000000 0.000000 1.000000
0.999601 -0.026419 0.009998 0.000000 0.026206 0.999439 0.020864 8.600700 -0.010543 -0.020593 0.999732 -0.340700 0.000000 0.000000 0.000000 1.000000
0.999602 -0.026438 0.009848 0.000000 0.026227 0.999436 0.020989 8.600700 -0.010397 -0.020722 0.999731 -0.340700 0.000000 0.000000 0.000000 1.000000
0.999602 -0.026474 0.009728 0.000000 0.026264 0.999433 0.021082 8.600700 -0.010280 -0.020818 0.999730 -0.340700 0.000000 0.000000 0.000000 1.000000
0.999602 -0.026528 0.009604 0.000000 0.026320 0.999429 0.021173 8.600700 -0.010160 -0.020911 0.999730 -0.340700 0.000000 0.000000 0.000000 1.000000
0.999602 -0.026600 0.009438 0.000000 0.026395 0.999425 0.021279 8.600700 -0.009999 -0.021021 0.999729 -0.340700 0.000000 0.000000 0.000000 1.000000
0.999601 -0.026688 0.009215 0.000000 0.026486 0.999420 0.021387 8.600700 -0.009780 -0.021135 0.999729 -0.340700 0.000000 0.000000 0.000000 1.000000
0.999601 -0.026790 0.008945 0.000000 0.026593 0.999416 0.021470 8.600700 -0.009515 -0.021223 0.999729 -0.340700 0.000000 0.000000 0.000000 1.000000
0.999601 -0.026898 0.008654 -0.000000 0.026706 0.999412 0.021515 8.600700 -0.009228 -0.021275 0.999731 -0.340700 0.000000 0.000000 0.000000 1.000000
0.999600 -0.026996 0.008374 0.000000 0.026810 0.999409 0.021535 8.600700 -0.008951 -0.021302 0.999733 -0.340700 0.000000 0.000000 0.000000 1.000000
0.999600 -0.027079 0.008128 -0.000000 0.026899 0.999406 0.021547 8.600700 -0.008706 -0.021319 0.999735 -0.340700 0.000000 0.000000 0.000000 1.000000
0.999600 -0.027166 0.007917 0.000000 0.026990 0.999403 0.021553 8.600700 -0.008498 -0.021331 0.999736 -0.340700 0.000000 0.000000 0.000000 1.000000
0.999598 -0.027270 0.007724 -0.000000 0.027098 0.999400 0.021561 8.600700 -0.008308 -0.021343 0.999738 -0.340700 0.000000 0.000000 0.000000 1.000000
0.999596 -0.027392 0.007529 -0.000000 0.027224 0.999397 0.021572 8.600700 -0.008115 -0.021358 0.999739 -0.340700 0.000000 0.000000 0.000000 1.000000
0.999594 -0.027520 0.007322 0.000000 0.027356 0.999393 0.021580 8.600700 -0.007912 -0.021371 0.999740 -0.340700 0.000000 0.000000 0.000000 1.000000
0.999593 -0.027642 0.007107 0.000000 0.027483 0.999389 0.021574 8.600700 -0.007699 -0.021369 0.999742 -0.340700 0.000000 0.000000 0.000000 1.000000
0.999591 -0.027748 0.006886 -0.000000 0.027593 0.999387 0.021551 8.600700 -0.007480 -0.021352 0.999744 -0.340700 0.000000 0.000000 0.000000 1.000000
0.999590 -0.027830 0.006662 -0.000000 0.027681 0.999385 0.021524 8.600700 -0.007257 -0.021331 0.999746 -0.340700 0.000000 0.000000 0.000000 1.000000
0.999590 -0.027886 0.006436 -0.000000 0.027742 0.999384 0.021505 8.600700 -0.007032 -0.021318 0.999748 -0.340700 0.000000 0.000000 0.000000 1.000000
0.999591 -0.027924 0.006223 -0.000000 0.027784 0.999383 0.021501 8.600700 -0.006820 -0.021320 0.999749 -0.340700 0.000000 0.000000 0.000000 1.000000
0.999591 -0.027952 0.006046 0.000000 0.027816 0.999382 0.021511 8.600700 -0.006643 -0.021334 0.999750 -0.340700 0.000000 0.000000 0.000000 1.000000
0.999591 -0.027978 0.005914 -0.000000 0.027844 0.999380 0.021530 8.600700 -0.006513 -0.021357 0.999751 -0.340700 0.000000 0.000000 0.000000 1.000000
