<?xml version="1.0" encoding="utf-8"?>
<COLLADA xmlns="http://www.collada.org/2005/11/COLLADASchema" version="1.4.1">
  <asset><contributor><author>Mixamo</author><authoring_tool>COLLADA Mixamo exporter</authoring_tool><comments></comments></contributor><created>2021-07-22T12:56:44Z</created><modified>2021-07-22T12:56:44Z</modified><revision></revision><title></title><unit meter="0.010000"/><up_axis>Y_UP</up_axis></asset>
  <library_animations>
    <animation id="mixamorig_Hips-anim" name="mixamorig_Hips"><source id="mixamorig_Hips-Matrix-animation-input"><float_array id="mixamorig_Hips-Matrix-animation-input-array" count="42">

0.000000 0.033333 0.066667 0.100000 0.133333 0.166667 0.200000 0.233333 0.266667 0.300000 0.333333 0.366667 0.400000 0.433333 0.466667 0.500000
0.533333 0.566667 0.600000 0.633333 0.666667 0.700000 0.733333 0.766667 0.800000 0.833333 0.866667 0.900000 0.933333 0.966667 1.000000 1.033333
1.066667 1.100000 1.133333 1.166667 1.200000 1.233333 1.266667 1.300000 1.333333 1.366667</float_array><technique_common><accessor source="#mixamorig_Hips-Matrix-animation-input-array" count="42"><param name="TIME" type="float"/></accessor></technique_common></source><source id="mixamorig_Hips-Matrix-animation-output-transform"><float_array id="mixamorig_Hips-Matrix-animation-output-transform-array" count="672">

0.999195 0.012202 0.038211 -0.008305 -0.012222 0.999925 0.000287 92.265869 -0.038205 -0.000753 0.999270 -0.582067 0.000000 0.000000 0.000000 1.000000
0.999221 0.008865 0.038443 -0.086683 -0.008825 0.999960 -0.001200 92.259941 -0.038452 0.000860 0.999260 -0.564595 0.000000 0.000000 0.000000 1.000000
0.999222 0.006337 0.038938 -0.215463 -0.006226 0.999976 -0.002972 92.229965 -0.038956 0.002727 0.999237 -0.557067 0.000000 0.000000 0.000000 1.000000
0.999167 0.004649 0.040547 -0.397882 -0.004476 0.999981 -0.004346 92.165588 -0.040567 0.004161 0.999168 -0.550986 0.000000 0.000000 0.000000 1.000000
0.999075 0.003463 0.042868 -0.584688 -0.003253 0.999982 -0.004970 92.069443 -0.042885 0.004825 0.999068 -0.543622 0.000000 0.000000 0.000000 1.000000
0.999020 0.003190 0.044146 -0.722112 -0.002966 0.999982 -0.005157 91.974220 -0.044162 0.005021 0.999012 -0.542715 0.000000 0.000000 0.000000 1.000000
0.998965 0.003941 0.045311 -0.755842 -0.003733 0.999982 -0.004676 91.930313 -0.045329 0.004502 0.998962 -0.542268 0.000000 0.000000 0.000000 1.000000
0.998920 0.005450 0.046148 -0.732283 -0.005244 0.999976 -0.004594 91.941391 -0.046172 0.004347 0.998924 -0.540362 0.000000 0.000000 0.000000 1.000000
0.998896 0.007198 0.046431 -0.699175 -0.006913 0.999956 -0.006304 92.008987 -0.046474 0.005976 0.998902 -0.537745 0.000000 0.000000 0.000000 1.000000
0.998814 0.009325 0.047780 -0.683835 -0.008948 0.999927 -0.008087 92.106300 -0.047852 0.007649 0.998825 -0.539458 0.000000 0.000000 0.000000 1.000000
0.998529 0.012716 0.052713 -0.697494 -0.012277 0.999887 -0.008654 92.197556 -0.052817 0.007994 0.998572 -0.550431 0.000000 0.000000 0.000000 1.000000
0.997902 0.018542 0.062034 -0.746343 -0.018041 0.999800 -0.008613 92.261864 -0.062181 0.007476 0.998037 -0.579125 0.000000 0.000000 0.000000 1.000000
0.996976 0.025020 0.073566 -0.814554 -0.024383 0.999657 -0.009540 92.281647 -0.073779 0.007717 0.997245 -0.619413 0.000000 0.000000 0.000000 1.000000
0.996150 0.030516 0.082182 -0.865247 -0.029635 0.999490 -0.011923 92.250290 -0.082504 0.009442 0.996546 -0.661258 0.000000 0.000000 0.000000 1.000000
0.995960 0.035100 0.082657 -0.863750 -0.034015 0.999316 -0.014503 92.197479 -0.083110 0.011633 0.996473 -0.705699 0.000000 0.000000 0.000000 1.000000
0.996671 0.038864 0.071663 -0.802804 -0.037830 0.999160 -0.015725 92.148453 -0.072214 0.012961 0.997305 -0.753586 0.000000 0.000000 0.000000 1.000000
0.997849 0.040549 0.051502 -0.689919 -0.039868 0.999104 -0.014187 92.119141 -0.052031 0.012103 0.998572 -0.790856 0.000000 0.000000 0.000000 1.000000
0.998748 0.039085 0.031214 -0.546829 -0.038763 0.999190 -0.010833 92.124138 -0.031613 0.009609 0.999454 -0.782422 0.000000 0.000000 0.000000 1.000000
0.999227 0.035016 0.017858 -0.399631 -0.034893 0.999365 -0.007178 92.168785 -0.018098 0.006549 0.999815 -0.665052 0.000000 0.000000 0.000000 1.000000
0.999469 0.029450 0.013921 -0.257306 -0.029394 0.999559 -0.004243 92.230453 -0.014039 0.003832 0.999894 -0.507613 0.000000 0.000000 0.000000 1.000000
0.999632 0.023354 0.013790 -0.116671 -0.023337 0.999727 -0.001380 92.264725 -0.013818 0.001057 0.999904 -0.338293 0.000000 0.000000 0.000000 1.000000
0.999800 0.017175 0.010225 0.025792 -0.017199 0.999849 0.002333 92.240295 -0.010183 -0.002508 0.999945 -0.211647 0.000000 0.000000 0.000000 1.000000
0.999927 0.011982 0.001702 0.163677 -0.011992 0.999907 0.006489 92.170868 -0.001624 -0.006509 0.999977 -0.210976 0.000000 0.000000 0.000000 1.000000
0.999944 0.008338 -0.006591 0.285953 -0.008267 0.999907 0.010820 92.085464 0.006681 -0.010765 0.999920 -0.324857 0.000000 0.000000 0.000000 1.000000
0.999943 0.005530 -0.009081 0.385216 -0.005394 0.999874 0.014914 92.009804 0.009163 -0.014864 0.999848 -0.470417 0.000000 0.000000 0.000000 1.000000
0.999986 0.003046 -0.004212 0.461649 -0.002972 0.999844 0.017386 91.977821 0.004264 -0.017373 0.999840 -0.595475 0.000000 0.000000 0.000000 1.000000
0.999988 0.001315 0.004823 0.563359 -0.001399 0.999845 0.017525 92.005768 -0.004800 -0.017531 0.999835 -0.656160 0.000000 0.000000 0.000000 1.000000
0.999890 0.001056 0.014761 0.611383 -0.001294 0.999869 0.016117 92.068321 -0.014742 -0.016135 0.999761 -0.691461 0.000000 0.000000 0.000000 1.000000
0.999676 0.002744 0.025288 0.591086 -0.003106 0.999893 0.014283 92.122650 -0.025246 -0.014357 0.999578 -0.724805 0.000000 0.000000 0.000000 1.000000
0.999273 0.006018 0.037649 0.505802 -0.006460 0.999911 0.011633 92.146759 -0.037576 -0.011867 0.999223 -0.764922 0.000000 0.000000 0.000000 1.000000
0.998609 0.009757 0.051809 0.375044 -0.010191 0.999915 0.008109 92.151703 -0.051725 -0.008626 0.998624 -0.804364 0.000000 0.000000 0.000000 1.000000
0.997723 0.013247 0.066124 0.198645 -0.013529 0.999901 0.003816 92.158112 -0.066067 -0.004701 0.997804 -0.827130 0.000000 0.000000 0.000000 1.000000
0.996735 0.016477 0.079041 -0.026882 -0.016495 0.999864 -0.000415 92.165817 -0.079038 -0.000890 0.996871 -0.818314 0.000000 0.000000 0.000000 1.000000
0.995870 0.019477 0.088673 -0.269887 -0.019262 0.999809 -0.003280 92.163895 -0.088720 0.001559 0.996055 -0.787139 0.000000 0.000000 0.000000 1.000000
0.995519 0.022531 0.091836 -0.449078 -0.022262 0.999744 -0.003946 92.157471 -0.091902 0.001884 0.995766 -0.751174 0.000000 0.000000 0.000000 1.000000
0.995857 0.025731 0.087220 -0.507292 -0.025467 0.999667 -0.004144 92.157349 -0.087297 0.001906 0.996180 -0.718063 0.000000 0.000000 0.000000 1.000000
0.996753 0.027873 0.075543 -0.440110 -0.027601 0.999608 -0.004633 92.167404 -0.075643 0.002532 0.997132 -0.700950 0.000000 0.000000 0.000000 1.000000
0.997663 0.027116 0.062713 -0.344781 -0.026885 0.999628 -0.004523 92.180664 -0.062812 0.002827 0.998021 -0.711359 0.000000 0.000000 0.000000 1.000000
0.998386 0.023652 0.051631 -0.215587 -0.023544 0.999719 -0.002696 92.192772 -0.051680 0.001476 0.998663 -0.700559 0.000000 0.000000 0.000000 1.000000
0.998840 0.019170 0.044163 -0.088463 -0.019195 0.999816 0.000140 92.210358 -0.044152 -0.000988 0.999024 -0.667611 0.000000 0.000000 0.000000 1.000000
0.999056 0.015044 0.040742 -0.006970 -0.015112 0.999885 0.001368 92.241013 -0.040717 -0.001982 0.999169 -0.622333 0.000000 0.000000 0.000000 1.000000
0.999195 0.012201 0.038211 -0.008328 -0.012221 0.999925 0.000287 92.265846 -0.038205 -0.000753 0.999270 -0.582072 0.000000 0.000000 0.000000 1.000000</float_array><technique_common><accessor source="#mixamorig_Hips-Matrix-animation-output-transform-array" count="42" stride="16"><param type="float4x4"/></accessor></technique_common></source><source id="mixamorig_Hips-Interpolations"><Name_array id="mixamorig_Hips-Interpolations-array" count="42">
 LINEAR LINEAR LINEAR LINEAR LINEAR LINEAR LINEAR LINEAR LINEAR LINEAR LINEAR
LINEAR LINEAR LINEAR LINEAR LINEAR LINEAR LINEAR LINEAR LINEAR LINEAR LINEAR LINEAR
LINEAR LINEAR LINEAR LINEAR LINEAR LINEAR LINEAR LINEAR LINEAR LINEAR LINEAR LINEAR
LINEAR LINEAR LINEAR LINEAR LINEAR LINEAR LINEAR</Name_array><technique_common><accessor source="#mixamorig_Hips-Interpolations-array" count="42"><param type="name"/></accessor></technique_common></source><sampler id="mixamorig_Hips-Matrix-animation-transform"><input semantic="INPUT" source="#mixamorig_Hips-Matrix-animation-input"/><input semantic="OUTPUT" source="#mixamorig_Hips-Matrix-animation-output-transform"/><input semantic="INTERPOLATION" source="#mixamorig_Hips-Interpolations"/></sampler><channel source="#mixamorig_Hips-Matrix-animation-transform" target="mixamorig_Hips/matrix"/></animation>
    <animation id="mixamorig_Spine-anim" name="mixamorig_Spine"><source id="mixamorig_Spine-Matrix-animation-input"><float_array id="mixamorig_Spine-Matrix-animation-input-array" count="42">

0.000000 0.033333 0.066667 0.100000 0.133333 0.166667 0.200000 0.233333 0.266667 0.300000 0.333333 0.366667 0.400000 0.433333 0.466667 0.500000
0.533333 0.566667 0.600000 0.633333 0.666667 0.700000 0.733333 0.766667 0.800000 0.833333 0.866667 0.900000 0.933333 0.966667 1.000000 1.033333
1.066667 1.100000 1.133333 1.166667 1.200000 1.233333 1.266667 1.300000 1.333333 1.366667</float_array><technique_common><accessor source="#mixamorig_Spine-Matrix-animation-input-array" count="42"><param name="TIME" type="float"/></accessor></technique_common></source><source id="mixamorig_Spine-Matrix-animation-output-transform"><float_array id="mixamorig_Spine-Matrix-animation-output-transform-array" count="672">

0.982392 -0.159992 0.096478 0.000000 0.144853 0.978395 0.147515 8.600700 -0.117995 -0.130943 0.984343 -0.340700 0.000000 0.000000 0.000000 1.000000
0.982728 -0.158062 0.096242 0.000000 0.142285 0.977901 0.153179 8.600700 -0.118327 -0.136840 0.983501 -0.340700 0.000000 0.000000 0.000000 1.000000
0.983372 -0.154960 0.094688 -0.000000 0.138607 0.977342 0.159970 8.600700 -0.117332 -0.144186 0.982570 -0.340700 0.000000 0.000000 0.000000 1.000000
0.984094 -0.151617 0.092577 0.000000 0.134779 0.976718 0.166904 8.600700 -0.115728 -0.151772 0.981617 -0.340700 0.000000 0.000000 0.000000 1.000000
0.984225 -0.149561 0.094515 0.000000 0.131996 0.976456 0.170620 8.600700 -0.117808 -0.155453 0.980793 -0.340700 0.000000 0.000000 0.000000 1.000000
0.983992 -0.148706 0.098213 0.000000 0.130600 0.976691 0.170348 8.600700 -0.121256 -0.154795 0.980477 -0.340700 0.000000 0.000000 0.000000 1.000000
0.983669 -0.149068 0.100862 -0.000000 0.131024 0.977289 0.166551 8.600700 -0.123399 -0.150616 0.980861 -0.340700 0.000000 0.000000 0.000000 1.000000
0.983564 -0.150130 0.100313 0.000000 0.132669 0.977749 0.162500 8.600700 -0.122478 -0.146520 0.981596 -0.340700 0.000000 0.000000 0.000000 1.000000
0.983564 -0.151521 0.098202 0.000000 0.134613 0.977816 0.160482 8.600700 -0.120340 -0.144625 0.982142 -0.340700 0.000000 0.000000 0.000000 1.000000
0.983414 -0.152475 0.098223 0.000000 0.135883 0.978073 0.157825 8.600700 -0.120134 -0.141860 0.982570 -0.340700 0.000000 0.000000 0.000000 1.000000
0.983131 -0.152312 0.101268 0.000000 0.135998 0.978962 0.152112 8.600700 -0.122306 -0.135774 0.983162 -0.340700 0.000000 0.000000 0.000000 1.000000
0.983014 -0.150466 0.105086 0.000000 0.134725 0.980430 0.143549 8.600700 -0.124628 -0.126953 0.984048 -0.340700 0.000000 0.000000 0.000000 1.000000
0.983391 -0.147128 0.106280 0.000000 0.132250 0.981898 0.135598 8.600700 -0.124307 -0.119290 0.985047 -0.340700 0.000000 0.000000 0.000000 1.000000
0.984199 -0.142760 0.104745 0.000000 0.128669 0.983023 0.130806 8.600700 -0.121641 -0.115261 0.985859 -0.340700 0.000000 0.000000 0.000000 1.000000
0.984736 -0.139506 0.104081 0.000000 0.125699 0.983626 0.129150 8.600700 -0.120394 -0.114095 0.986148 -0.340700 0.000000 0.000000 0.000000 1.000000
0.984303 -0.139612 0.107963 0.000000 0.125204 0.983530 0.130358 8.600700 -0.124385 -0.114794 0.985571 -0.340700 0.000000 0.000000 0.000000 1.000000
0.982745 -0.143869 0.116252 0.000000 0.127988 0.982662 0.134146 8.600700 -0.133536 -0.116952 0.984119 -0.340700 0.000000 0.000000 0.000000 1.000000
0.981000 -0.149418 0.123746 0.000000 0.131921 0.981434 0.139228 8.600700 -0.142251 -0.120258 0.982498 -0.340700 0.000000 0.000000 0.000000 1.000000
0.980004 -0.154144 0.125828 0.000000 0.135484 0.980054 0.145387 8.600700 -0.145729 -0.125432 0.981341 -0.340700 0.000000 0.000000 0.000000 1.000000
0.980110 -0.157585 0.120632 -0.000000 0.138615 0.978590 0.152144 8.600700 -0.142025 -0.132396 0.980969 -0.340700 0.000000 0.000000 0.000000 1.000000
0.980630 -0.160620 0.112098 -0.000000 0.141806 0.976983 0.159360 8.600700 -0.135114 -0.140378 0.980836 -0.340700 0.000000 0.000000 0.000000 1.000000
0.980396 -0.165148 0.107471 0.000000 0.146200 0.975375 0.165132 8.600700 -0.132096 -0.146182 0.980399 -0.340700 0.000000 0.000000 0.000000 1.000000
0.978809 -0.172562 0.110248 0.000000 0.152918 0.974038 0.166933 8.600700 -0.136192 -0.146537 0.979785 -0.340700 0.000000 0.000000 0.000000 1.000000
0.976716 -0.180488 0.115973 0.000000 0.160362 0.973306 0.164194 8.600700 -0.142512 -0.141773 0.979587 -0.340700 0.000000 0.000000 0.000000 1.000000
0.975780 -0.185171 0.116474 0.000000 0.165744 0.973299 0.158803 8.600700 -0.142769 -0.135652 0.980416 -0.340700 0.000000 0.000000 0.000000 1.000000
0.976704 -0.185671 0.107587 0.000000 0.168035 0.973569 0.154687 8.600700 -0.133465 -0.133005 0.982088 -0.340700 0.000000 0.000000 0.000000 1.000000
0.978405 -0.184483 0.093220 0.000000 0.168882 0.973519 0.154076 8.600700 -0.119176 -0.135006 0.983652 -0.340700 0.000000 0.000000 0.000000 1.000000
0.980079 -0.181551 0.080520 0.000000 0.167632 0.973614 0.154838 8.600700 -0.106507 -0.138256 0.984653 -0.340700 0.000000 0.000000 0.000000 1.000000
0.981120 -0.178859 0.073577 0.000000 0.166095 0.974134 0.153218 8.600700 -0.099079 -0.138105 0.985449 -0.340700 0.000000 0.000000 0.000000 1.000000
0.981719 -0.176549 0.071115 0.000000 0.164497 0.974966 0.149604 8.600700 -0.095747 -0.135171 0.986185 -0.340700 0.000000 0.000000 0.000000 1.000000
0.982441 -0.173043 0.069762 0.000000 0.161585 0.976066 0.145550 8.600700 -0.093278 -0.131722 0.986888 -0.340700 0.000000 0.000000 0.000000 1.000000
0.983732 -0.166985 0.066238 -0.000000 0.156298 0.977355 0.142647 8.600700 -0.088558 -0.129974 0.987555 -0.340700 0.000000 0.000000 0.000000 1.000000
0.985559 -0.158309 0.060105 0.000000 0.148618 0.978781 0.141068 8.600700 -0.081162 -0.130098 0.988174 -0.340700 0.000000 0.000000 0.000000 1.000000
0.987419 -0.148269 0.054958 0.000000 0.139475 0.980408 0.139090 8.600700 -0.074504 -0.129675 0.988754 -0.340700 0.000000 0.000000 0.000000 1.000000
0.988582 -0.140156 0.055326 0.000000 0.131685 0.982074 0.134867 8.600700 -0.073237 -0.126042 0.989318 -0.340700 0.000000 0.000000 0.000000 1.000000
0.988629 -0.137525 0.060824 0.000000 0.128607 0.982879 0.131947 8.600700 -0.077928 -0.122624 0.989389 -0.340700 0.000000 0.000000 0.000000 1.000000
0.987635 -0.140354 0.069845 -0.000000 0.130288 0.982615 0.132257 8.600700 -0.087193 -0.121522 0.988752 -0.340700 0.000000 0.000000 0.000000 1.000000
0.986280 -0.144269 0.080243 0.000000 0.132726 0.982022 0.134222 8.600700 -0.098164 -0.121731 0.987697 -0.340700 0.000000 0.000000 0.000000 1.000000
0.984820 -0.149214 0.088689 0.000000 0.136402 0.981240 0.136244 8.600700 -0.107355 -0.122079 0.986697 -0.340700 0.000000 0.000000 0.000000 1.000000
0.983703 -0.154329 0.092251 0.000000 0.140819 0.980315 0.138393 8.600700 -0.111793 -0.123147 0.986072 -0.340700 0.000000 0.000000 0.000000 1.000000
0.983001 -0.158044 0.093435 -0.000000 0.143935 0.979316 0.142206 8.600700 -0.113978 -0.126340 0.985417 -0.340700 0.000000 0.000000 0.000000 1.000000
0.982392 -0.159991 0.096478 0.000000 0.144853 0.978395 0.147515 8.600700 -0.117995 -0.130942 0.984343 -0.340700 0.000000 0.000000 0.000000 1.000000</float_array><technique_common><accessor source="#mixamorig_Spine-Matrix-animation-output-transform-array" count="42" stride="16"><param type="float4x4"/></accessor></technique_common></source><source id="mixamorig_Spine-Interpolations"><Name_array id="mixamorig_Spine-Interpolations-array" count="42">
 LINEAR LINEAR LINEAR LINEAR LINEAR LINEAR LINEAR LINEAR LINEAR LINEAR LINEAR
LINEAR LINEAR LINEAR LINEAR LINEAR LINEAR LINEAR LINEAR LINEAR LINEAR LINEAR LINEAR
LINEAR LINEAR LINEAR LINEAR LINEAR LINEAR LINEAR LINEAR LINEAR LINEAR LINEAR LINEAR
LINEAR LINEAR LINEAR LINEAR LINEAR LINEAR LINEAR</Name_array><technique_common><accessor source="#mixamorig_Spine-Interpolations-array" count="42"><param type="name"/></accessor></technique_common></source><sampler id="mixamorig_Spine-Matrix-animation-transform"><input semantic="INPUT" source="#mixamorig_Spine-Matrix-animation-input"/><input semantic="OUTPUT" source="#mixamorig_Spine-Matrix-animation-output-transform"/><input semantic="INTERPOLATION" source="#mixamorig_Spine-Interpolations"/></sampler><channel source="#mixamorig_Spine-Matrix-animation-transform" target="mixamorig_Spine/matrix"/></animation>
    <animation id="mixamorig_Spine1-anim" name="mixamorig_Spine1"><source id="mixamorig_Spine1-Matrix-animation-input"><float_array id="mixamorig_Spine1-Matrix-animation-input-array" count="42">

0.000000 0.033333 0.066667 0.100000 0.133333 0.166667 0.200000 0.233333 0.266667 0.300000 0.333333 0.366667 0.400000 0.433333 0.466667 0.500000
0.533333 0.566667 0.600000 0.633333 0.666667 0.700000 0.733333 0.766667 0.800000 0.833333 0.866667 0.900000 0.933333 0.966667 1.000000 1.033333
1.066667 1.100000 1.133333 1.166667 1.200000 1.233333 1.266667 1.300000 1.333333 1.366667</float_array><technique_common><accessor source="#mixamorig_Spine1-Matrix-animation-input-array" count="42"><param name="TIME" type="float"/></accessor></technique_common></source><source id="mixamorig_Spine1-Matrix-animation-output-transform"><float_array id="mixamorig_Spine1-Matrix-animation-output-transform-array" count="672">

0.998077 0.059947 0.015753 0.000000 -0.058906 0.996470 -0.059806 10.042100 -0.019283 0.058763 0.998086 -0.000000 0.000000 0.000000 0.000000 1.000000
0.998127 0.059116 0.015722 -0.000000 -0.058048 0.996424 -0.061390 10.042100 -0.019295 0.060363 0.997990 0.000000 0.000000 0.000000 0.000000 1.000000
0.998163 0.058571 0.015516 0.000000 -0.057486 0.996355 -0.063028 10.042100 -0.019151 0.062021 0.997891 0.000000 0.000000 0.000000 0.000000 1.000000
0.998158 0.058724 0.015250 0.000000 -0.057627 0.996254 -0.064478 10.042100 -0.018980 0.063480 0.997803 0.000000 0.000000 0.000000 0.000000 1.000000
0.998070 0.060100 0.015625 0.000000 -0.058964 0.996136 -0.065092 10.042100 -0.019477 0.064045 0.997757 0.000000 0.000000 0.000000 0.000000 1.000000
0.997969 0.061585 0.016311 0.000000 -0.060426 0.996123 -0.063931 10.042100 -0.020185 0.062815 0.997821 -0.000000 0.000000 0.000000 0.000000 1.000000
0.997868 0.063094 0.016710 0.000000 -0.061945 0.996145 -0.062111 10.042100 -0.020564 0.060943 0.997929 0.000000 0.000000 0.000000 0.000000 1.000000
0.997801 0.064208 0.016453 -0.000000 -0.063115 0.996199 -0.060028 10.042100 -0.020245 0.058858 0.998061 -0.000000 0.000000 0.000000 0.000000 1.000000
0.997755 0.065067 0.015876 0.000000 -0.064059 0.996294 -0.057402 10.042100 -0.019552 0.056257 0.998225 0.000000 0.000000 0.000000 0.000000 1.000000
0.997684 0.066193 0.015631 0.000000 -0.065258 0.996397 -0.054167 10.042100 -0.019160 0.053022 0.998410 0.000000 0.000000 0.000000 0.000000 1.000000
0.997552 0.068099 0.015882 0.000000 -0.067219 0.996455 -0.050578 10.042100 -0.019270 0.049387 0.998594 -0.000000 0.000000 0.000000 0.000000 1.000000
0.997376 0.070544 0.016268 -0.000000 -0.069708 0.996450 -0.047202 10.042100 -0.019540 0.045944 0.998753 -0.000000 0.000000 0.000000 0.000000 1.000000
0.997254 0.072257 0.016258 0.000000 -0.071461 0.996422 -0.045120 10.042100 -0.019460 0.043834 0.998849 0.000000 0.000000 0.000000 0.000000 1.000000
0.997222 0.072775 0.015847 0.000000 -0.072012 0.996418 -0.044343 10.042100 -0.019018 0.043078 0.998891 -0.000000 0.000000 0.000000 0.000000 1.000000
0.997274 0.072099 0.015709 0.000000 -0.071352 0.996487 -0.043858 10.042100 -0.018816 0.042617 0.998914 -0.000000 0.000000 0.000000 0.000000 1.000000
0.997379 0.070439 0.016514 -0.000000 -0.069665 0.996621 -0.043514 10.042100 -0.019524 0.042250 0.998916 -0.000000 0.000000 0.000000 0.000000 1.000000
0.997512 0.068102 0.018210 0.000000 -0.067239 0.996749 -0.044382 10.042100 -0.021174 0.043047 0.998849 0.000000 0.000000 0.000000 0.000000 1.000000
0.997597 0.066404 0.019752 0.000000 -0.065432 0.996779 -0.046366 10.042100 -0.022767 0.044962 0.998729 0.000000 0.000000 0.000000 0.000000 1.000000
0.997666 0.065184 0.020326 0.000000 -0.064144 0.996776 -0.048190 10.042100 -0.023402 0.046774 0.998631 0.000000 0.000000 0.000000 0.000000 1.000000
0.997824 0.062927 0.019683 0.000000 -0.061887 0.996851 -0.049572 10.042100 -0.022740 0.048246 0.998577 0.000000 0.000000 0.000000 0.000000 1.000000
0.998082 0.059045 0.018609 0.000000 -0.058031 0.997012 -0.050988 10.042100 -0.021564 0.049810 0.998526 0.000000 0.000000 0.000000 0.000000 1.000000
0.998310 0.055148 0.018320 0.000000 -0.054103 0.997111 -0.053318 10.042100 -0.021207 0.052237 0.998410 0.000000 0.000000 0.000000 0.000000 1.000000
0.998422 0.052744 0.019292 0.000000 -0.051581 0.997071 -0.056466 10.042100 -0.022214 0.055381 0.998218 0.000000 0.000000 0.000000 0.000000 1.000000
0.998439 0.051911 0.020623 -0.000000 -0.050628 0.997003 -0.058495 10.042100 -0.023598 0.057360 0.998075 0.000000 0.000000 0.000000 0.000000 1.000000
0.998403 0.052557 0.020721 0.000000 -0.051273 0.996984 -0.058259 10.042100 -0.023721 0.057104 0.998086 0.000000 0.000000 0.000000 0.000000 1.000000
0.998398 0.053293 0.018997 0.000000 -0.052129 0.996998 -0.057250 10.042100 -0.021991 0.056168 0.998179 0.000000 0.000000 0.000000 0.000000 1.000000
0.998511 0.052000 0.016465 0.000000 -0.050983 0.997065 -0.057122 10.042100 -0.019387 0.056197 0.998231 0.000000 0.000000 0.000000 0.000000 1.000000
0.998647 0.049992 0.014313 -0.000000 -0.049101 0.997165 -0.057022 10.042100 -0.017123 0.056242 0.998270 0.000000 0.000000 0.000000 0.000000 1.000000
0.998646 0.050377 0.012951 0.000000 -0.049588 0.997233 -0.055381 10.042100 -0.015706 0.054663 0.998381 0.000000 0.000000 0.000000 0.000000 1.000000
0.998494 0.053500 0.012162 -0.000000 -0.052784 0.997195 -0.053074 10.042100 -0.014967 0.052352 0.998517 0.000000 0.000000 0.000000 0.000000 1.000000
0.998327 0.056647 0.011598 -0.000000 -0.055975 0.997089 -0.051770 10.042100 -0.014497 0.051034 0.998592 -0.000000 0.000000 0.000000 0.000000 1.000000
0.998262 0.057943 0.010757 0.000000 -0.057309 0.997000 -0.052016 10.042100 -0.013739 0.051310 0.998588 0.000000 0.000000 0.000000 0.000000 1.000000
0.998280 0.057862 0.009440 0.000000 -0.057270 0.996891 -0.054110 10.042100 -0.012542 0.053476 0.998490 -0.000000 0.000000 0.000000 0.000000 1.000000
0.998337 0.057060 0.008210 0.000000 -0.056496 0.996746 -0.057500 10.042100 -0.011464 0.056941 0.998312 0.000000 0.000000 0.000000 0.000000 1.000000
0.998426 0.055516 0.007992 0.000000 -0.054936 0.996668 -0.060293 10.042100 -0.011313 0.059759 0.998149 0.000000 0.000000 0.000000 0.000000 1.000000
0.998495 0.054108 0.008911 0.000000 -0.053470 0.996718 -0.060780 10.042100 -0.012171 0.060212 0.998111 0.000000 0.000000 0.000000 0.000000 1.000000
0.998493 0.053833 0.010656 0.000000 -0.053104 0.996798 -0.059788 10.042100 -0.013841 0.059132 0.998154 0.000000 0.000000 0.000000 0.000000 1.000000
0.998365 0.055741 0.012627 -0.000000 -0.054910 0.996767 -0.058653 10.042100 -0.015855 0.057864 0.998199 -0.000000 0.000000 0.000000 0.000000 1.000000
0.998187 0.058493 0.014199 0.000000 -0.057583 0.996668 -0.057763 10.042100 -0.017530 0.056841 0.998229 0.000000 0.000000 0.000000 0.000000 1.000000
0.998056 0.060516 0.014921 0.000000 -0.059569 0.996574 -0.057371 10.042100 -0.018342 0.056370 0.998241 0.000000 0.000000 0.000000 0.000000 1.000000
0.998051 0.060518 0.015230 0.000000 -0.059541 0.996539 -0.058001 10.042100 -0.018687 0.056981 0.998200 0.000000 0.000000 0.000000 0.000000 1.000000
0.998077 0.059947 0.015753 0.000000 -0.058906 0.996470 -0.059806 10.042100 -0.019283 0.058763 0.998086 0.000000 0.000000 0.000000 0.000000 1.000000</float_array><technique_common><accessor source="#mixamorig_Spine1-Matrix-animation-output-transform-array" count="42" stride="16"><param type="float4x4"/></accessor></technique_common></source><source id="mixamorig_Spine1-Interpolations"><Name_array id="mixamorig_Spine1-Interpolations-array" count="42">
 LINEAR LINEAR LINEAR LINEAR LINEAR LINEAR LINEAR LINEAR LINEAR LINEAR LINEAR
LINEAR LINEAR LINEAR LINEAR LINEAR LINEAR LINEAR LINEAR LINEAR LINEAR LINEAR LINEAR
LINEAR LINEAR LINEAR LINEAR LINEAR LINEAR LINEAR LINEAR LINEAR LINEAR LINEAR LINEAR
LINEAR LINEAR LINEAR LINEAR LINEAR LINEAR LINEAR</Name_array><technique_common><accessor source="#mixamorig_Spine1-Interpolations-array" count="42"><param type="name"/></accessor></technique_common></source><sampler id="mixamorig_Spine1-Matrix-animation-transform"><input semantic="INPUT" source="#mixamorig_Spine1-Matrix-animation-input"/><input semantic="OUTPUT" source="#mixamorig_Spine1-Matrix-animation-output-transform"/><input semantic="INTERPOLATION" source="#mixamorig_Spine1-Interpolations"/></sampler><channel source="#mixamorig_Spine1-Matrix-animation-transform" target="mixamorig_Spine1/matrix"/></animation>
    <animation id="mixamorig_Spine2-anim" name="mixamorig_Spine2"><source id="mixamorig_Spine2-Matrix-animation-input"><float_array id="mixamorig_Spine2-Matrix-animation-input-array" count="42">

0.000000 0.033333 0.066667 0.100000 0.133333 0.166667 0.200000 0.233333 0.266667 0.300000 0.333333 0.366667 0.400000 0.433333 0.466667 0.500000
0.533333 0.566667 0.600000 0.633333 0.666667 0.700000 0.733333 0.766667 0.800000 0.833333 0.866667 0.900000 0.933333 0.966667 1.000000 1.033333
1.066667 1.100000 1.133333 1.166667 1.200000 1.233333 1.266667 1.300000 1.333333 1.366667</float_array><technique_common><accessor source="#mixamorig_Spine2-Matrix-animation-input-array" count="42"><param name="TIME" type="float"/></accessor></technique_common></source><source id="mixamorig_Spine2-Matrix-animation-output-transform"><float_array id="mixamorig_Spine2-Matrix-animation-output-transform-array" count="672">

0.998161 0.058843 0.014564 0.000000 -0.057849 0.996446 -0.061228 11.476600 -0.018115 0.060272 0.998018 0.000000 0.000000 0.000000 0.000000 1.000000
0.998214 0.057936 0.014549 0.000000 -0.056910 0.996381 -0.063130 11.476600 -0.018154 0.062189 0.997899 -0.000000 0.000000 0.000000 0.000000 1.000000
0.998232 0.057635 0.014558 0.000000 -0.056578 0.996293 -0.064807 11.476600 -0.018239 0.063868 0.997792 -0.000000 0.000000 0.000000 0.000000 1.000000
0.998214 0.057942 0.014565 0.000000 -0.056862 0.996199 -0.065987 11.476600 -0.018333 0.065041 0.997714 0.000000 0.000000 0.000000 0.000000 1.000000
0.998165 0.058787 0.014529 -0.000000 -0.057702 0.996128 -0.066326 11.476600 -0.018372 0.065366 0.997692 -0.000000 0.000000 0.000000 0.000000 1.000000
0.998099 0.059922 0.014392 0.000000 -0.058855 0.996104 -0.065668 11.476600 -0.018271 0.064696 0.997738 -0.000000 0.000000 0.000000 0.000000 1.000000
0.997996 0.061656 0.014254 -0.000000 -0.060617 0.996077 -0.064470 11.476600 -0.018173 0.063476 0.997818 -0.000000 0.000000 0.000000 0.000000 1.000000
0.997889 0.063387 0.014139 0.000000 -0.062389 0.996100 -0.062392 11.476600 -0.018038 0.061378 0.997952 0.000000 0.000000 0.000000 0.000000 1.000000
0.997785 0.064991 0.014199 0.000000 -0.064043 0.996184 -0.059298 11.476600 -0.017999 0.058257 0.998139 0.000000 0.000000 0.000000 0.000000 1.000000
0.997675 0.066597 0.014444 -0.000000 -0.065698 0.996284 -0.055692 11.476600 -0.018099 0.054614 0.998343 -0.000000 0.000000 0.000000 0.000000 1.000000
0.997559 0.068253 0.014779 0.000000 -0.067398 0.996362 -0.052164 11.476600 -0.018286 0.051040 0.998529 0.000000 0.000000 0.000000 0.000000 1.000000
0.997439 0.069906 0.015128 0.000000 -0.069090 0.996406 -0.048997 11.476600 -0.018499 0.047826 0.998684 -0.000000 0.000000 0.000000 0.000000 1.000000
0.997353 0.071042 0.015487 0.000000 -0.070253 0.996439 -0.046622 11.476600 -0.018744 0.045411 0.998793 0.000000 0.000000 0.000000 0.000000 1.000000
0.997316 0.071504 0.015737 -0.000000 -0.070727 0.996464 -0.045352 11.476600 -0.018924 0.044117 0.998847 0.000000 0.000000 0.000000 0.000000 1.000000
0.997335 0.071179 0.015994 0.000000 -0.070398 0.996503 -0.045001 11.476600 -0.019141 0.043755 0.998859 0.000000 0.000000 0.000000 0.000000 1.000000
0.997413 0.069985 0.016407 0.000000 -0.069180 0.996574 -0.045334 11.476600 -0.019523 0.044082 0.998837 0.000000 0.000000 0.000000 0.000000 1.000000
0.997571 0.067534 0.017075 0.000000 -0.066683 0.996701 -0.046273 11.476600 -0.020144 0.045022 0.998783 0.000000 0.000000 0.000000 0.000000 1.000000
0.997758 0.064537 0.017734 0.000000 -0.063631 0.996835 -0.047652 11.476600 -0.020754 0.046417 0.998707 0.000000 0.000000 0.000000 0.000000 1.000000
0.997945 0.061427 0.018242 -0.000000 -0.060466 0.996955 -0.049240 11.476600 -0.021211 0.048035 0.998620 -0.000000 0.000000 0.000000 0.000000 1.000000
0.998121 0.058379 0.018631 -0.000000 -0.057364 0.997051 -0.050982 11.476600 -0.021552 0.049817 0.998526 -0.000000 0.000000 0.000000 0.000000 1.000000
0.998276 0.055563 0.018921 0.000000 -0.054493 0.997107 -0.052995 11.476600 -0.021811 0.051872 0.998416 0.000000 0.000000 0.000000 0.000000 1.000000
0.998398 0.053297 0.018971 -0.000000 -0.052177 0.997105 -0.055308 11.476600 -0.021864 0.054230 0.998289 0.000000 0.000000 0.000000 0.000000 1.000000
0.998474 0.051912 0.018831 0.000000 -0.050752 0.997051 -0.057570 11.476600 -0.021765 0.056527 0.998164 -0.000000 0.000000 0.000000 0.000000 1.000000
0.998508 0.051392 0.018482 0.000000 -0.050217 0.996980 -0.059244 11.476600 -0.021471 0.058228 0.998072 -0.000000 0.000000 0.000000 0.000000 1.000000
0.998527 0.051234 0.017836 0.000000 -0.050081 0.996941 -0.059997 11.476600 -0.020855 0.059015 0.998039 0.000000 0.000000 0.000000 0.000000 1.000000
0.998563 0.050868 0.016839 0.000000 -0.049778 0.996966 -0.059840 11.476600 -0.019831 0.058916 0.998066 -0.000000 0.000000 0.000000 0.000000 1.000000
0.998610 0.050355 0.015554 0.000000 -0.049358 0.997042 -0.058919 11.476600 -0.018475 0.058070 0.998142 -0.000000 0.000000 0.000000 0.000000 1.000000
0.998649 0.050026 0.014057 0.000000 -0.049141 0.997135 -0.057502 11.476600 -0.016893 0.056734 0.998246 0.000000 0.000000 0.000000 0.000000 1.000000
0.998636 0.050713 0.012463 0.000000 -0.049944 0.997196 -0.055729 11.476600 -0.015254 0.055031 0.998368 -0.000000 0.000000 0.000000 0.000000 1.000000
0.998553 0.052654 0.010890 0.000000 -0.051994 0.997191 -0.053910 11.476600 -0.013698 0.053265 0.998486 0.000000 0.000000 0.000000 0.000000 1.000000
0.998436 0.055083 0.009508 -0.000000 -0.054506 0.997110 -0.052931 11.476600 -0.012396 0.052330 0.998553 -0.000000 0.000000 0.000000 0.000000 1.000000
0.998349 0.056810 0.008424 0.000000 -0.056281 0.996983 -0.053457 11.476600 -0.011436 0.052895 0.998535 0.000000 0.000000 0.000000 0.000000 1.000000
0.998335 0.057164 0.007712 0.000000 -0.056651 0.996857 -0.055386 11.476600 -0.010854 0.054857 0.998435 0.000000 0.000000 0.000000 0.000000 1.000000
0.998390 0.056236 0.007434 0.000000 -0.055713 0.996765 -0.057930 11.476600 -0.010667 0.057422 0.998293 0.000000 0.000000 0.000000 0.000000 1.000000
0.998484 0.054502 0.007751 0.000000 -0.053938 0.996721 -0.060309 11.476600 -0.011013 0.059799 0.998150 0.000000 0.000000 0.000000 0.000000 1.000000
0.998541 0.053320 0.008524 0.000000 -0.052699 0.996722 -0.061384 11.476600 -0.011769 0.060845 0.998078 0.000000 0.000000 0.000000 0.000000 1.000000
0.998523 0.053465 0.009669 -0.000000 -0.052778 0.996737 -0.061072 11.476600 -0.012903 0.060472 0.998087 0.000000 0.000000 0.000000 0.000000 1.000000
0.998427 0.054980 0.010993 0.000000 -0.054227 0.996729 -0.059918 11.476600 -0.014252 0.059228 0.998143 0.000000 0.000000 0.000000 0.000000 1.000000
0.998296 0.057050 0.012256 0.000000 -0.056235 0.996679 -0.058887 11.476600 -0.015575 0.058097 0.998189 0.000000 0.000000 0.000000 0.000000 1.000000
0.998183 0.058767 0.013278 0.000000 -0.057894 0.996599 -0.058636 11.476600 -0.016678 0.057761 0.998191 0.000000 0.000000 0.000000 0.000000 1.000000
0.998129 0.059499 0.014089 0.000000 -0.058564 0.996515 -0.059391 11.476600 -0.017574 0.058455 0.998135 0.000000 0.000000 0.000000 0.000000 1.000000
0.998161 0.058843 0.014564 0.000000 -0.057849 0.996446 -0.061228 11.476600 -0.018116 0.060272 0.998018 0.000000 0.000000 0.000000 0.000000 1.000000</float_array><technique_common><accessor source="#mixamorig_Spine2-Matrix-animation-output-transform-array" count="42" stride="16"><param type="float4x4"/></accessor></technique_common></source><source id="mixamorig_Spine2-Interpolations"><Name_array id="mixamorig_Spine2-Interpolations-array" count="42">
 LINEAR LINEAR LINEAR LINEAR LINEAR LINEAR LINEAR LINEAR LINEAR LINEAR LINEAR
LINEAR LINEAR LINEAR LINEAR LINEAR LINEAR LINEAR LINEAR LINEAR LINEAR LINEAR LINEAR
LINEAR LINEAR LINEAR LINEAR LINEAR LINEAR LINEAR LINEAR LINEAR LINEAR LINEAR LINEAR
LINEAR LINEAR LINEAR LINEAR LINEAR LINEAR LINEAR</Name_array><technique_common><accessor source="#mixamorig_Spine2-Interpolations-array" count="42"><param type="name"/></accessor></technique_common></source><sampler id="mixamorig_Spine2-Matrix-animation-transform"><input semantic="INPUT" source="#mixamorig_Spine2-Matrix-animation-input"/><input semantic="OUTPUT" source="#mixamorig_Spine2-Matrix-animation-output-transform"/><input semantic="INTERPOLATION" source="#mixamorig_Spine2-Interpolations"/></sampler><channel source="#mixamorig_Spine2-Matrix-animation-transform" target="mixamorig_Spine2/matrix"/></animation>
    <animation id="mixamorig_Neck-anim" name="mixamorig_Neck"><source id="mixamorig_Neck-Matrix-animation-input"><float_array id="mixamorig_Neck-Matrix-animation-input-array" count="42">

0.000000 0.033333 0.066667 0.100000 0.133333 0.166667 0.200000 0.233333 0.266667 0.300000 0.333333 0.366667 0.400000 0.433333 0.466667 0.500000
0.533333 0.566667 0.600000 0.633333 0.666667 0.700000 0.733333 0.766667 0.800000 0.833333 0.866667 0.900000 0.933333 0.966667 1.000000 1.033333
1.066667 1.100000 1.133333 1.166667 1.200000 1.233333 1.266667 1.300000 1.333333 1.366667</float_array><technique_common><accessor source="#mixamorig_Neck-Matrix-animation-input-array" count="42"><param name="TIME" type="float"/></accessor></technique_common></source><source id="mixamorig_Neck-Matrix-animation-output-transform"><float_array id="mixamorig_Neck-Matrix-animation-output-transform-array" count="672">

0.998584 -0.004401 0.053014 0.000000 -0.002665 0.991181 0.132485 12.911200 -0.053129 -0.132439 0.989766 0.000000 0.000000 0.000000 0.000000 1.000000
0.998737 -0.008288 0.049546 -0.000000 0.001234 0.990046 0.140738 12.911200 -0.050219 -0.140499 0.988806 -0.000000 0.000000 0.000000 0.000000 1.000000
0.998851 -0.012855 0.046167 0.000000 0.005887 0.988969 0.148003 12.911200 -0.047560 -0.147561 0.987909 -0.000000 0.000000 0.000000 0.000000 1.000000
0.998938 -0.017194 0.042757 0.000000 0.010401 0.987972 0.154285 12.911200 -0.044895 -0.153676 0.987101 0.000000 0.000000 0.000000 0.000000 1.000000
0.999052 -0.017721 0.039756 -0.000000 0.011131 0.987016 0.160238 12.911200 -0.042079 -0.159643 0.986278 0.000000 0.000000 0.000000 0.000000 1.000000
0.999123 -0.015848 0.038762 -0.000000 0.009307 0.986511 0.163431 12.911200 -0.040830 -0.162927 0.985793 -0.000000 0.000000 0.000000 0.000000 1.000000
0.999090 -0.012945 0.040628 0.000000 0.006178 0.986695 0.162465 12.911200 -0.042191 -0.162067 0.985877 -0.000000 0.000000 0.000000 0.000000 1.000000
0.998966 -0.009981 0.044358 0.000000 0.002859 0.987468 0.157795 12.911200 -0.045377 -0.157505 0.986475 0.000000 0.000000 0.000000 0.000000 1.000000
0.998791 -0.005674 0.048830 -0.000000 -0.001680 0.988797 0.149258 12.911200 -0.049130 -0.149160 0.987592 0.000000 0.000000 0.000000 0.000000 1.000000
0.998584 0.001191 0.053179 0.000000 -0.008525 0.990409 0.137904 12.911200 -0.052505 -0.138162 0.989017 -0.000000 0.000000 0.000000 0.000000 1.000000
0.998320 0.010129 0.057045 -0.000000 -0.017245 0.991922 0.125671 12.911200 -0.055311 -0.126444 0.990431 0.000000 0.000000 0.000000 0.000000 1.000000
0.997959 0.020472 0.060483 0.000000 -0.027295 0.993079 0.114228 12.911200 -0.057726 -0.115646 0.991612 0.000000 0.000000 0.000000 0.000000 1.000000
0.997511 0.030627 0.063518 0.000000 -0.037211 0.993754 0.105209 12.911200 -0.059899 -0.107311 0.992420 -0.000000 0.000000 0.000000 0.000000 1.000000
0.997130 0.037607 0.065704 -0.000000 -0.044072 0.994023 0.099883 12.911200 -0.061555 -0.102492 0.992827 -0.000000 0.000000 0.000000 0.000000 1.000000
0.997044 0.038997 0.066194 0.000000 -0.045382 0.994163 0.097876 12.911200 -0.061991 -0.100590 0.992995 -0.000000 0.000000 0.000000 0.000000 1.000000
0.997342 0.033674 0.064621 0.000000 -0.039937 0.994363 0.098223 12.911200 -0.060949 -0.100543 0.993064 0.000000 0.000000 0.000000 0.000000 1.000000
0.997862 0.022442 0.061381 0.000000 -0.028553 0.994520 0.100570 12.911200 -0.058788 -0.102108 0.993035 0.000000 0.000000 0.000000 0.000000 1.000000
0.998302 0.008844 0.057583 0.000000 -0.014854 0.994381 0.104810 12.911200 -0.056332 -0.105487 0.992824 0.000000 0.000000 0.000000 0.000000 1.000000
0.998545 -0.004344 0.053750 -0.000000 -0.001618 0.993888 0.110383 12.911200 -0.053901 -0.110309 0.992435 -0.000000 0.000000 0.000000 0.000000 1.000000
0.998620 -0.015310 0.050237 0.000000 0.009346 0.993103 0.116870 12.911200 -0.051680 -0.116239 0.991876 -0.000000 0.000000 0.000000 0.000000 1.000000
0.998610 -0.022897 0.047473 0.000000 0.016894 0.992239 0.123196 12.911200 -0.049926 -0.122223 0.991246 0.000000 0.000000 0.000000 0.000000 1.000000
0.998601 -0.027400 0.045223 0.000000 0.021343 0.991367 0.129365 12.911200 -0.048377 -0.128219 0.990565 -0.000000 0.000000 0.000000 0.000000 1.000000
0.998599 -0.030711 0.043099 0.000000 0.024550 0.990290 0.136830 12.911200 -0.046882 -0.135580 0.989657 0.000000 0.000000 0.000000 0.000000 1.000000
0.998588 -0.033144 0.041524 -0.000000 0.026834 0.989180 0.144233 12.911200 -0.045855 -0.142915 0.988672 -0.000000 0.000000 0.000000 0.000000 1.000000
0.998553 -0.034193 0.041499 0.000000 0.027729 0.988687 0.147409 12.911200 -0.046070 -0.146045 0.988205 -0.000000 0.000000 0.000000 0.000000 1.000000
0.998507 -0.032572 0.043857 0.000000 0.025855 0.988970 0.145840 12.911200 -0.048123 -0.144488 0.988336 0.000000 0.000000 0.000000 0.000000 1.000000
0.998441 -0.026799 0.048973 -0.000000 0.019552 0.989547 0.142880 12.911200 -0.052290 -0.141700 0.988528 -0.000000 0.000000 0.000000 0.000000 1.000000
0.998303 -0.018065 0.055357 0.000000 0.010161 0.990118 0.139867 12.911200 -0.057336 -0.139068 0.988622 0.000000 0.000000 0.000000 0.000000 1.000000
0.998063 -0.008403 0.061637 0.000000 -0.000043 0.990741 0.135762 12.911200 -0.062207 -0.135502 0.988822 0.000000 0.000000 0.000000 0.000000 1.000000
0.997696 0.002384 0.067807 0.000000 -0.011237 0.991387 0.130483 12.911200 -0.066912 -0.130944 0.989129 -0.000000 0.000000 0.000000 0.000000 1.000000
0.997105 0.016015 0.074325 0.000000 -0.025174 0.991964 0.123990 12.911200 -0.071742 -0.125502 0.989496 -0.000000 0.000000 0.000000 0.000000 1.000000
0.996227 0.031044 0.081039 0.000000 -0.040272 0.992566 0.114847 12.911200 -0.076872 -0.117678 0.990072 0.000000 0.000000 0.000000 0.000000 1.000000
0.995326 0.042801 0.086565 -0.000000 -0.051854 0.993098 0.105198 12.911200 -0.081465 -0.109195 0.990676 -0.000000 0.000000 0.000000 0.000000 1.000000
0.994766 0.049198 0.089552 -0.000000 -0.058039 0.993398 0.098954 12.911200 -0.084093 -0.103634 0.991054 -0.000000 0.000000 0.000000 0.000000 1.000000
0.994742 0.050584 0.089044 0.000000 -0.059233 0.993488 0.097334 12.911200 -0.083541 -0.102097 0.991260 0.000000 0.000000 0.000000 0.000000 1.000000
0.995038 0.049049 0.086569 -0.000000 -0.057436 0.993605 0.097214 12.911200 -0.081247 -0.101703 0.991491 0.000000 0.000000 0.000000 0.000000 1.000000
