<?xml version="1.0" encoding="utf-8"?>
<COLLADA xmlns="http://www.collada.org/2005/11/COLLADASchema" version="1.4.1">
  <asset><contributor><author>Mixamo</author><authoring_tool>COLLADA Mixamo exporter</authoring_tool><comments></comments></contributor><created>2021-07-21T19:11:12Z</created><modified>2021-07-21T19:11:12Z</modified><revision></revision><title></title><unit meter="0.010000"/><up_axis>Y_UP</up_axis></asset>
  <library_animations>
    <animation id="mixamorig_Hips-anim" name="mixamorig_Hips"><source id="mixamorig_Hips-Matrix-animation-input"><float_array id="mixamorig_Hips-Matrix-animation-input-array" count="96">

0.000000 0.033333 0.066667 0.100000 0.133333 0.166667 0.200000 0.233333 0.266667 0.300000 0.333333 0.366667 0.400000 0.433333 0.466667 0.500000
0.533333 0.566667 0.600000 0.633333 0.666667 0.700000 0.733333 0.766667 0.800000 0.833333 0.866667 0.900000 0.933333 0.966667 1.000000 1.033333
1.066667 1.100000 1.133333 1.166667 1.200000 1.233333 1.266667 1.300000 1.333333 1.366667 1.400000 1.433333 1.466667 1.500000 1.533333 1.566667
1.600000 1.633333 1.666667 1.700000 1.733333 1.766667 1.800000 1.833333 1.866667 1.900000 1.933333 1.966667 2.000000 2.033333 2.066667 2.100000
2.133333 2.166667 2.200000 2.233333 2.266667 2.300000 2.333333 2.366667 2.400000 2.433333 2.466667 2.500000 2.533333 2.566667 2.600000 2.633333
2.666667 2.700000 2.733333 2.766667 2.800000 2.833333 2.866667 2.900000 2.933333 2.966667 3.000000 3.033333 3.066667 3.100000 3.133333 3.166667</float_array><technique_common><accessor source="#mixamorig_Hips-Matrix-animation-input-array" count="96"><param name="TIME" type="float"/></accessor></technique_common></source><source id="mixamorig_Hips-Matrix-animation-output-transform"><float_array id="mixamorig_Hips-Matrix-animation-output-transform-array" count="1536">

0.999960 0.008372 -0.003281 -7.868009 -0.008470 0.999481 -0.031084 92.362923 0.003019 0.031111 0.999511 5.719960 0.000000 0.000000 0.000000 1.000000
0.999954 0.009239 -0.002509 -7.861664 -0.009309 0.999534 -0.029063 92.311043 0.002239 0.029085 0.999574 5.782232 0.000000 0.000000 0.000000 1.000000
0.999945 0.010368 -0.001616 -7.861211 -0.010407 0.999593 -0.026552 92.249451 0.001340 0.026567 0.999646 5.854944 0.000000 0.000000 0.000000 1.000000
0.999933 0.011546 -0.000784 -7.867540 -0.011561 0.999654 -0.023647 92.179497 0.000511 0.023654 0.999720 5.939487 0.000000 0.000000 0.000000 1.000000
0.999921 0.012530 -0.000086 -7.881715 -0.012529 0.999715 -0.020333 92.099472 -0.000169 0.020332 0.999793 6.032588 0.000000 0.000000 0.000000 1.000000
0.999914 0.013137 0.000198 -7.905953 -0.013132 0.999784 -0.016138 92.000336 -0.000410 0.016134 0.999870 6.120965 0.000000 0.000000 0.000000 1.000000
0.999915 0.013039 -0.000240 -7.944732 -0.013041 0.999861 -0.010434 91.877998 0.000104 0.010437 0.999946 6.189689 0.000000 0.000000 0.000000 1.000000
0.999927 0.012000 -0.001289 -8.005882 -0.012005 0.999921 -0.003735 91.752823 0.001244 0.003751 0.999992 6.244708 0.000000 0.000000 0.000000 1.000000
0.999942 0.010512 -0.002153 -8.097297 -0.010508 0.999943 0.001693 91.668884 0.002171 -0.001670 0.999996 6.320040 0.000000 0.000000 0.000000 1.000000
0.999954 0.009498 -0.001650 -8.218161 -0.009492 0.999949 0.003512 91.665199 0.001683 -0.003496 0.999992 6.452435 0.000000 0.000000 0.000000 1.000000
0.999956 0.009307 0.001018 -8.360345 -0.009308 0.999956 0.001284 91.751358 -0.001006 -0.001293 0.999999 6.652489 0.000000 0.000000 0.000000 1.000000
0.999939 0.009383 0.005769 -8.518209 -0.009361 0.999949 -0.003814 91.907616 -0.005805 0.003760 0.999976 6.901173 0.000000 0.000000 0.000000 1.000000
0.999895 0.008951 0.011407 -8.692256 -0.008830 0.999905 -0.010611 92.102699 -0.011501 0.010509 0.999879 7.164168 0.000000 0.000000 0.000000 1.000000
0.999841 0.007793 0.016062 -8.883158 -0.007494 0.999799 -0.018572 92.305016 -0.016204 0.018449 0.999698 7.411207 0.000000 0.000000 0.000000 1.000000
0.999807 0.006253 0.018616 -9.086792 -0.005744 0.999611 -0.027287 92.508636 -0.018780 0.027175 0.999454 7.635865 0.000000 0.000000 0.000000 1.000000
0.999793 0.005299 0.019633 -9.285770 -0.004587 0.999336 -0.036157 92.685982 -0.019811 0.036060 0.999153 7.851964 0.000000 0.000000 0.000000 1.000000
0.999781 0.005158 0.020283 -9.467077 -0.004245 0.998988 -0.044773 92.836693 -0.020494 0.044677 0.998791 8.082726 0.000000 0.000000 0.000000 1.000000
0.999783 0.004631 0.020304 -9.635311 -0.003548 0.998584 -0.053080 92.968933 -0.020521 0.052997 0.998384 8.347881 0.000000 0.000000 0.000000 1.000000
0.999833 0.003330 0.017994 -9.790405 -0.002229 0.998142 -0.060893 93.079056 -0.018164 0.060842 0.997982 8.656282 0.000000 0.000000 0.000000 1.000000
0.999915 0.001915 0.012865 -9.928617 -0.001042 0.997717 -0.067520 93.168015 -0.012964 0.067501 0.997635 9.009661 0.000000 0.000000 0.000000 1.000000
0.999976 0.000803 0.006834 -10.051251 -0.000307 0.997389 -0.072216 93.223442 -0.006874 0.072212 0.997366 9.394942 0.000000 0.000000 0.000000 1.000000
0.999998 -0.000679 0.001667 -10.162058 0.000801 0.997195 -0.074845 93.233696 -0.001611 0.074846 0.997194 9.776401 0.000000 0.000000 0.000000 1.000000
0.999992 -0.002899 -0.002627 -10.259887 0.002692 0.997122 -0.075761 93.198929 0.002840 0.075753 0.997123 10.103618 0.000000 0.000000 0.000000 1.000000
0.999973 -0.005070 -0.005340 -10.346306 0.004653 0.997136 -0.075492 93.149422 0.005708 0.075465 0.997132 10.334328 0.000000 0.000000 0.000000 1.000000
0.999973 -0.006671 -0.003174 -10.438995 0.006414 0.997158 -0.075065 93.130096 0.003666 0.075042 0.997174 10.450674 0.000000 0.000000 0.000000 1.000000
0.999941 -0.008138 0.007264 -10.563622 0.008668 0.997060 -0.076128 93.167252 -0.006623 0.076186 0.997072 10.465919 0.000000 0.000000 0.000000 1.000000
0.999618 -0.009845 0.025837 -10.728330 0.011883 0.996727 -0.079968 93.243225 -0.024966 0.080244 0.996463 10.426357 0.000000 0.000000 0.000000 1.000000
0.998768 -0.011247 0.048325 -10.915638 0.015395 0.996148 -0.086324 93.319824 -0.047168 0.086961 0.995094 10.402594 0.000000 0.000000 0.000000 1.000000
0.997556 -0.011656 0.068888 -11.110742 0.018048 0.995511 -0.092908 93.369339 -0.067496 0.093925 0.993289 10.454818 0.000000 0.000000 0.000000 1.000000
0.996442 -0.011114 0.083545 -11.313206 0.019132 0.995217 -0.095794 93.386719 -0.082080 0.097051 0.991889 10.593791 0.000000 0.000000 0.000000 1.000000
0.995688 -0.010808 0.092136 -11.520356 0.019228 0.995666 -0.090994 93.366409 -0.090753 0.092373 0.991580 10.775187 0.000000 0.000000 0.000000 1.000000
0.995235 -0.012021 0.096760 -11.713195 0.019529 0.996838 -0.077030 93.291145 -0.095528 0.078552 0.992322 10.928086 0.000000 0.000000 0.000000 1.000000
0.995033 -0.014500 0.098488 -11.859288 0.020215 0.998153 -0.057280 93.157372 -0.097476 0.058986 0.993488 10.997307 0.000000 0.000000 0.000000 1.000000
0.995201 -0.017206 0.096328 -11.940431 0.021118 0.998987 -0.039737 93.007439 -0.095547 0.041581 0.994556 10.983332 0.000000 0.000000 0.000000 1.000000
0.995796 -0.019273 0.089551 -11.958566 0.022225 0.999238 -0.032082 92.869873 -0.088864 0.033938 0.995465 10.936166 0.000000 0.000000 0.000000 1.000000
0.996590 -0.020782 0.079849 -11.934211 0.023641 0.999107 -0.035029 92.746094 -0.079050 0.036797 0.996191 10.901613 0.000000 0.000000 0.000000 1.000000
0.997255 -0.022314 0.070606 -11.895558 0.025291 0.998816 -0.041549 92.638962 -0.069595 0.043220 0.996639 10.870413 0.000000 0.000000 0.000000 1.000000
0.997602 -0.024674 0.064670 -11.877351 0.027576 0.998634 -0.044383 92.574402 -0.063487 0.046060 0.996919 10.785270 0.000000 0.000000 0.000000 1.000000
0.997602 -0.028164 0.063215 -11.907928 0.030954 0.998570 -0.043595 92.570038 -0.061897 0.045447 0.997047 10.611023 0.000000 0.000000 0.000000 1.000000
0.997316 -0.031421 0.066138 -11.977151 0.034421 0.998407 -0.044716 92.614105 -0.064628 0.046873 0.996808 10.390083 0.000000 0.000000 0.000000 1.000000
0.996834 -0.032810 0.072429 -12.044191 0.036513 0.998062 -0.050399 92.680870 -0.070635 0.052884 0.996099 10.200267 0.000000 0.000000 0.000000 1.000000
0.996243 -0.032671 0.080206 -12.086390 0.037358 0.997637 -0.057661 92.747238 -0.078132 0.060440 0.995109 10.076251 0.000000 0.000000 0.000000 1.000000
0.995648 -0.032276 0.087428 -12.115583 0.037886 0.997276 -0.063287 92.798325 -0.085147 0.066324 0.994158 10.005446 0.000000 0.000000 0.000000 1.000000
0.995135 -0.032131 0.093134 -12.150012 0.038482 0.996995 -0.067225 92.823799 -0.090694 0.070482 0.993381 9.974966 0.000000 0.000000 0.000000 1.000000
0.994687 -0.032594 0.097647 -12.193227 0.039441 0.996834 -0.069033 92.805420 -0.095088 0.072517 0.992824 9.976726 0.000000 0.000000 0.000000 1.000000
0.994294 -0.034143 0.101064 -12.238109 0.040910 0.997003 -0.065654 92.726425 -0.098520 0.069414 0.992711 9.973403 0.000000 0.000000 0.000000 1.000000
0.994082 -0.036464 0.102332 -12.276416 0.042411 0.997499 -0.056549 92.610252 -0.100014 0.060555 0.993142 9.918916 0.000000 0.000000 0.000000 1.000000
0.994176 -0.038403 0.100698 -12.298858 0.043420 0.997898 -0.048112 92.509079 -0.098638 0.052204 0.993753 9.833003 0.000000 0.000000 0.000000 1.000000
0.994499 -0.039076 0.097185 -12.300139 0.043906 0.997879 -0.048061 92.455330 -0.095101 0.052063 0.994105 9.798312 0.000000 0.000000 0.000000 1.000000
0.994871 -0.038999 0.093327 -12.290970 0.044338 0.997455 -0.055829 92.466042 -0.090912 0.059680 0.994069 9.847409 0.000000 0.000000 0.000000 1.000000
0.995202 -0.039745 0.089401 -12.288994 0.045552 0.996917 -0.063882 92.548767 -0.086587 0.067648 0.993945 9.906608 0.000000 0.000000 0.000000 1.000000
0.995475 -0.042684 0.084901 -12.310588 0.048580 0.996458 -0.068647 92.712173 -0.081670 0.072460 0.994022 9.895887 0.000000 0.000000 0.000000 1.000000
0.995722 -0.047023 0.079542 -12.345259 0.052937 0.995856 -0.073947 92.924652 -0.075736 0.077841 0.994085 9.828029 0.000000 0.000000 0.000000 1.000000
0.996017 -0.051014 0.073126 -12.365698 0.057075 0.994886 -0.083336 93.148262 -0.068500 0.087177 0.993835 9.774661 0.000000 0.000000 0.000000 1.000000
0.996399 -0.053807 0.065526 -12.356299 0.059898 0.993689 -0.094835 93.355103 -0.060010 0.098418 0.993334 9.776783 0.000000 0.000000 0.000000 1.000000
0.996790 -0.055547 0.057647 -12.333853 0.061344 0.992662 -0.104207 93.520157 -0.051436 0.107409 0.992883 9.823318 0.000000 0.000000 0.000000 1.000000
0.997084 -0.056459 0.051342 -12.326422 0.061816 0.992056 -0.109562 93.621170 -0.044749 0.112416 0.992653 9.886199 0.000000 0.000000 0.000000 1.000000
0.997234 -0.057094 0.047592 -12.344113 0.062088 0.991870 -0.111082 93.647011 -0.040863 0.113729 0.992671 9.938876 0.000000 0.000000 0.000000 1.000000
0.997298 -0.057771 0.045369 -12.374911 0.062418 0.992107 -0.108756 93.607872 -0.038728 0.111294 0.993033 9.948784 0.000000 0.000000 0.000000 1.000000
0.997393 -0.057982 0.042968 -12.406038 0.062140 0.992762 -0.102776 93.535988 -0.036698 0.105178 0.993776 9.887194 0.000000 0.000000 0.000000 1.000000
0.997556 -0.057221 0.040097 -12.439823 0.060821 0.993599 -0.095194 93.461952 -0.034393 0.097400 0.994651 9.760355 0.000000 0.000000 0.000000 1.000000
0.997728 -0.055815 0.037737 -12.482035 0.058994 0.994269 -0.089161 93.408890 -0.032544 0.091185 0.995302 9.608329 0.000000 0.000000 0.000000 1.000000
0.997854 -0.054527 0.036248 -12.524032 0.057488 0.994599 -0.086416 93.382278 -0.031340 0.088314 0.995599 9.461543 0.000000 0.000000 0.000000 1.000000
0.997967 -0.053464 0.034687 -12.545336 0.056288 0.994678 -0.086298 93.377693 -0.029888 0.088075 0.995665 9.318109 0.000000 0.000000 0.000000 1.000000
0.998108 -0.052396 0.032172 -12.536143 0.055019 0.994692 -0.086947 93.380264 -0.027445 0.088553 0.995693 9.158101 0.000000 0.000000 0.000000 1.000000
0.998259 -0.051266 0.029153 -12.503671 0.053626 0.994768 -0.086958 93.378983 -0.024543 0.088370 0.995785 8.971033 0.000000 0.000000 0.000000 1.000000
0.998378 -0.050232 0.026804 -12.457561 0.052368 0.994914 -0.086050 93.368629 -0.022345 0.087314 0.995930 8.765115 0.000000 0.000000 0.000000 1.000000
0.998458 -0.049265 0.025588 -12.397411 0.051268 0.995092 -0.084641 93.347137 -0.021293 0.085822 0.996083 8.557646 0.000000 0.000000 0.000000 1.000000
0.998529 -0.048118 0.024973 -12.319270 0.050043 0.995272 -0.083247 93.314598 -0.020849 0.084374 0.996216 8.361492 0.000000 0.000000 0.000000 1.000000
0.998623 -0.046603 0.024074 -12.223989 0.048434 0.995446 -0.082107 93.275002 -0.020138 0.083160 0.996333 8.178977 0.000000 0.000000 0.000000 1.000000
0.998754 -0.044723 0.022138 -12.115254 0.046379 0.995632 -0.081031 93.236000 -0.018417 0.081957 0.996466 8.007502 0.000000 0.000000 0.000000 1.000000
0.998908 -0.042749 0.018847 -11.999310 0.044121 0.995844 -0.079679 93.201561 -0.015363 0.080423 0.996642 7.849183 0.000000 0.000000 0.000000 1.000000
0.999059 -0.040893 0.014453 -11.883709 0.041899 0.996074 -0.077979 93.164825 -0.011208 0.078511 0.996850 7.708810 0.000000 0.000000 0.000000 1.000000
0.999206 -0.038722 0.009365 -11.769469 0.039325 0.996315 -0.076220 93.110977 -0.006379 0.076528 0.997047 7.584855 0.000000 0.000000 0.000000 1.000000
0.999367 -0.035340 0.004149 -11.649066 0.035551 0.996566 -0.074786 93.031403 -0.001492 0.074886 0.997191 7.473552 0.000000 0.000000 0.000000 1.000000
0.999541 -0.030308 -0.000074 -11.514862 0.030221 0.996830 -0.073599 92.932579 0.002304 0.073563 0.997288 7.379716 0.000000 0.000000 0.000000 1.000000
0.999702 -0.024284 -0.002356 -11.365350 0.024051 0.997105 -0.072134 92.833260 0.004101 0.072056 0.997392 7.312496 0.000000 0.000000 0.000000 1.000000
0.999821 -0.018647 -0.003137 -11.201778 0.018381 0.997364 -0.070196 92.752434 0.004437 0.070126 0.997528 7.270455 0.000000 0.000000 0.000000 1.000000
0.999888 -0.014460 -0.003849 -11.023751 0.014165 0.997583 -0.068026 92.697510 0.004823 0.067964 0.997676 7.239725 0.000000 0.000000 0.000000 1.000000
0.999916 -0.011794 -0.005434 -10.830131 0.011412 0.997775 -0.065691 92.660797 0.006197 0.065623 0.997825 7.206526 0.000000 0.000000 0.000000 1.000000
0.999921 -0.009995 -0.007670 -10.618542 0.009493 0.997973 -0.062920 92.626564 0.008284 0.062842 0.997989 7.163870 0.000000 0.000000 0.000000 1.000000
0.999918 -0.008274 -0.009782 -10.385437 0.007677 0.998196 -0.059549 92.578613 0.010257 0.059469 0.998177 7.108045 0.000000 0.000000 0.000000 1.000000
0.999916 -0.006324 -0.011334 -10.133882 0.005682 0.998423 -0.055851 92.513496 0.011669 0.055781 0.998375 7.037267 0.000000 0.000000 0.000000 1.000000
0.999916 -0.004090 -0.012274 -9.874618 0.003443 0.998626 -0.052294 92.434013 0.012471 0.052247 0.998556 6.951698 0.000000 0.000000 0.000000 1.000000
0.999922 -0.002194 -0.012330 -9.626145 0.001587 0.998795 -0.049043 92.362938 0.012423 0.049020 0.998721 6.854310 0.000000 0.000000 0.000000 1.000000
0.999939 -0.000907 -0.011035 -9.398292 0.000399 0.998944 -0.045937 92.311722 0.011065 0.045929 0.998883 6.747277 0.000000 0.000000 0.000000 1.000000
0.999963 -0.000294 -0.008588 -9.192613 -0.000075 0.999074 -0.043022 92.290298 0.008593 0.043022 0.999037 6.635886 0.000000 0.000000 0.000000 1.000000
0.999981 -0.000001 -0.006166 -9.004010 -0.000249 0.999174 -0.040640 92.291725 0.006161 0.040641 0.999155 6.527446 0.000000 0.000000 0.000000 1.000000
0.999987 0.000529 -0.004975 -8.828072 -0.000723 0.999241 -0.038940 92.302605 0.004951 0.038943 0.999229 6.424862 0.000000 0.000000 0.000000 1.000000
0.999985 0.001619 -0.005224 -8.664253 -0.001814 0.999289 -0.037647 92.311600 0.005159 0.037656 0.999277 6.323978 0.000000 0.000000 0.000000 1.000000
0.999976 0.003171 -0.006199 -8.513155 -0.003395 0.999332 -0.036395 92.316902 0.006079 0.036415 0.999318 6.219458 0.000000 0.000000 0.000000 1.000000
0.999963 0.004883 -0.007040 -8.372100 -0.005127 0.999370 -0.035111 92.324310 0.006864 0.035146 0.999359 6.111193 0.000000 0.000000 0.000000 1.000000
0.999953 0.006404 -0.007232 -8.237174 -0.006647 0.999400 -0.033992 92.337227 0.007010 0.034038 0.999396 6.003767 0.000000 0.000000 0.000000 1.000000
0.999951 0.007441 -0.006574 -8.107753 -0.007655 0.999422 -0.033136 92.351440 0.006323 0.033185 0.999429 5.901646 0.000000 0.000000 0.000000 1.000000
0.999955 0.007983 -0.005106 -7.985048 -0.008144 0.999445 -0.032302 92.361046 0.004845 0.032343 0.999465 5.806841 0.000000 0.000000 0.000000 1.000000
0.999960 0.008372 -0.003281 -7.868012 -0.008470 0.999481 -0.031084 92.362923 0.003019 0.031111 0.999511 5.719960 0.000000 0.000000 0.000000 1.000000</float_array><technique_common><accessor source="#mixamorig_Hips-Matrix-animation-output-transform-array" count="96" stride="16"><param type="float4x4"/></accessor></technique_common></source><source id="mixamorig_Hips-Interpolations"><Name_array id="mixamorig_Hips-Interpolations-array" count="96">
 LINEAR LINEAR LINEAR LINEAR LINEAR LINEAR LINEAR LINEAR LINEAR LINEAR LINEAR
LINEAR LINEAR LINEAR LINEAR LINEAR LINEAR LINEAR LINEAR LINEAR LINEAR LINEAR LINEAR
LINEAR LINEAR LINEAR LINEAR LINEAR LINEAR LINEAR LINEAR LINEAR LINEAR LINEAR LINEAR
LINEAR LINEAR LINEAR LINEAR LINEAR LINEAR LINEAR LINEAR LINEAR LINEAR LINEAR LINEAR
LINEAR LINEAR LINEAR LINEAR LINEAR LINEAR LINEAR LINEAR LINEAR LINEAR LINEAR LINEAR
LINEAR LINEAR LINEAR LINEAR LINEAR LINEAR LINEAR LINEAR LINEAR LINEAR LINEAR LINEAR
LINEAR LINEAR LINEAR LINEAR LINEAR LINEAR LINEAR LINEAR LINEAR LINEAR LINEAR LINEAR
LINEAR LINEAR LINEAR LINEAR LINEAR LINEAR LINEAR LINEAR LINEAR LINEAR LINEAR LINEAR
LINEAR</Name_array><technique_common><accessor source="#mixamorig_Hips-Interpolations-array" count="96"><param type="name"/></accessor></technique_common></source><sampler id="mixamorig_Hips-Matrix-animation-transform"><input semantic="INPUT" source="#mixamorig_Hips-Matrix-animation-input"/><input semantic="OUTPUT" source="#mixamorig_Hips-Matrix-animation-output-transform"/><input semantic="INTERPOLATION" source="#mixamorig_Hips-Interpolations"/></sampler><channel source="#mixamorig_Hips-Matrix-animation-transform" target="mixamorig_Hips/matrix"/></animation>
    <animation id="mixamorig_Spine-anim" name="mixamorig_Spine"><source id="mixamorig_Spine-Matrix-animation-input"><float_array id="mixamorig_Spine-Matrix-animation-input-array" count="96">

0.000000 0.033333 0.066667 0.100000 0.133333 0.166667 0.200000 0.233333 0.266667 0.300000 0.333333 0.366667 0.400000 0.433333 0.466667 0.500000
0.533333 0.566667 0.600000 0.633333 0.666667 0.700000 0.733333 0.766667 0.800000 0.833333 0.866667 0.900000 0.933333 0.966667 1.000000 1.033333
1.066667 1.100000 1.133333 1.166667 1.200000 1.233333 1.266667 1.300000 1.333333 1.366667 1.400000 1.433333 1.466667 1.500000 1.533333 1.566667
1.600000 1.633333 1.666667 1.700000 1.733333 1.766667 1.800000 1.833333 1.866667 1.900000 1.933333 1.966667 2.000000 2.033333 2.066667 2.100000
2.133333 2.166667 2.200000 2.233333 2.266667 2.300000 2.333333 2.366667 2.400000 2.433333 2.466667 2.500000 2.533333 2.566667 2.600000 2.633333
2.666667 2.700000 2.733333 2.766667 2.800000 2.833333 2.866667 2.900000 2.933333 2.966667 3.000000 3.033333 3.066667 3.100000 3.133333 3.166667</float_array><technique_common><accessor source="#mixamorig_Spine-Matrix-animation-input-array" count="96"><param name="TIME" type="float"/></accessor></technique_common></source><source id="mixamorig_Spine-Matrix-animation-output-transform"><float_array id="mixamorig_Spine-Matrix-animation-output-transform-array" count="1536">

0.999980 -0.005512 0.003082 0.000000 0.005386 0.999205 0.039492 8.600700 -0.003297 -0.039475 0.999215 -0.340700 0.000000 0.000000 0.000000 1.000000
0.999980 -0.005448 0.003094 0.000000 0.005321 0.999198 0.039684 8.600700 -0.003308 -0.039667 0.999207 -0.340700 0.000000 0.000000 0.000000 1.000000
0.999980 -0.005473 0.003134 -0.000000 0.005343 0.999188 0.039930 8.600700 -0.003350 -0.039912 0.999198 -0.340700 0.000000 0.000000 0.000000 1.000000
0.999980 -0.005570 0.003149 0.000000 0.005439 0.999178 0.040173 8.600700 -0.003370 -0.040155 0.999188 -0.340700 0.000000 0.000000 0.000000 1.000000
0.999979 -0.005623 0.003097 -0.000000 0.005493 0.999176 0.040212 8.600700 -0.003320 -0.040194 0.999186 -0.340700 0.000000 0.000000 0.000000 1.000000
0.999981 -0.005371 0.003046 0.000000 0.005246 0.999193 0.039817 8.600700 -0.003257 -0.039801 0.999202 -0.340700 0.000000 0.000000 0.000000 1.000000
0.999984 -0.004572 0.003214 -0.000000 0.004443 0.999225 0.039100 8.600700 -0.003390 -0.039085 0.999230 -0.340700 0.000000 0.000000 0.000000 1.000000
0.999988 -0.003263 0.003769 0.000000 0.003115 0.999244 0.038744 8.600700 -0.003893 -0.038732 0.999242 -0.340700 0.000000 0.000000 0.000000 1.000000
0.999988 -0.001830 0.004572 0.000000 0.001647 0.999210 0.039698 8.600700 -0.004641 -0.039690 0.999201 -0.340700 0.000000 0.000000 0.000000 1.000000
0.999986 -0.000688 0.005202 0.000000 0.000467 0.999099 0.042437 8.600700 -0.005227 -0.042434 0.999086 -0.340700 0.000000 0.000000 0.000000 1.000000
0.999986 0.000090 0.005232 0.000000 -0.000333 0.998919 0.046475 8.600700 -0.005222 -0.046477 0.998906 -0.340700 0.000000 0.000000 0.000000 1.000000
0.999990 0.000770 0.004453 0.000000 -0.000994 0.998715 0.050667 8.600700 -0.004408 -0.050671 0.998706 -0.340700 0.000000 0.000000 0.000000 1.000000
0.999994 0.001624 0.003003 0.000000 -0.001784 0.998540 0.053979 8.600700 -0.002911 -0.053984 0.998538 -0.340700 0.000000 0.000000 0.000000 1.000000
0.999995 0.002711 0.001409 0.000000 -0.002785 0.998425 0.056039 8.600700 -0.001255 -0.056043 0.998428 -0.340700 0.000000 0.000000 0.000000 1.000000
0.999992 0.004002 0.000289 0.000000 -0.004012 0.998362 0.057072 8.600700 -0.000061 -0.057073 0.998370 -0.340700 0.000000 0.000000 0.000000 1.000000
0.999987 0.005005 -0.000187 0.000000 -0.004986 0.998327 0.057610 8.600700 0.000476 -0.057608 0.998339 -0.340700 0.000000 0.000000 0.000000 1.000000
0.999985 0.005464 -0.000351 0.000000 -0.005434 0.998286 0.058275 8.600700 0.000669 -0.058272 0.998300 -0.340700 0.000000 0.000000 0.000000 1.000000
0.999984 0.005707 -0.000461 0.000000 -0.005670 0.998209 0.059552 8.600700 0.000800 -0.059548 0.998225 -0.340700 0.000000 0.000000 0.000000 1.000000
0.999984 0.005707 -0.000372 0.000000 -0.005674 0.998087 0.061564 8.600700 0.000723 -0.061561 0.998103 -0.340700 0.000000 0.000000 0.000000 1.000000
0.999985 0.005391 0.000150 0.000000 -0.005390 0.997933 0.064043 8.600700 0.000196 -0.064043 0.997947 -0.340700 0.000000 0.000000 0.000000 1.000000
0.999988 0.004744 0.000944 0.000000 -0.004796 0.997772 0.066538 8.600700 -0.000627 -0.066541 0.997783 -0.340700 0.000000 0.000000 0.000000 1.000000
0.999991 0.003874 0.001760 -0.000000 -0.003986 0.997631 0.068671 8.600700 -0.001489 -0.068677 0.997638 -0.340700 0.000000 0.000000 0.000000 1.000000
0.999992 0.002943 0.002797 0.000000 -0.003132 0.997530 0.070177 8.600700 -0.002584 -0.070185 0.997531 -0.340700 0.000000 0.000000 0.000000 1.000000
0.999988 0.002204 0.004428 0.000000 -0.002512 0.997484 0.070845 8.600700 -0.004261 -0.070855 0.997478 -0.340700 0.000000 0.000000 0.000000 1.000000
0.999978 0.001990 0.006384 -0.000000 -0.002436 0.997501 0.070615 8.600700 -0.006227 -0.070629 0.997483 -0.340700 0.000000 0.000000 0.000000 1.000000
0.999967 0.002537 0.007745 -0.000000 -0.003072 0.997558 0.069781 8.600700 -0.007550 -0.069802 0.997532 -0.340700 0.000000 0.000000 0.000000 1.000000
0.999961 0.003788 0.007915 0.000000 -0.004326 0.997605 0.069032 8.600700 -0.007635 -0.069063 0.997583 -0.340700 0.000000 0.000000 0.000000 1.000000
0.999959 0.005333 0.007295 0.000000 -0.005825 0.997590 0.069132 8.600700 -0.006909 -0.069172 0.997581 -0.340700 0.000000 0.000000 0.000000 1.000000
0.999954 0.006768 0.006809 -0.000000 -0.007230 0.997494 0.070376 8.600700 -0.006316 -0.070422 0.997497 -0.340700 0.000000 0.000000 0.000000 1.000000
0.999945 0.008033 0.006815 0.000000 -0.008504 0.997356 0.072165 8.600700 -0.006217 -0.072219 0.997369 -0.340700 0.000000 0.000000 0.000000 1.000000
0.999934 0.009291 0.006726 0.000000 -0.009759 0.997264 0.073269 8.600700 -0.006027 -0.073330 0.997290 -0.340700 0.000000 0.000000 0.000000 1.000000
0.999928 0.010484 0.005859 -0.000000 -0.010882 0.997290 0.072759 8.600700 -0.005081 -0.072817 0.997332 -0.340700 0.000000 0.000000 0.000000 1.000000
0.999927 0.011223 0.004439 0.000000 -0.011510 0.997419 0.070876 8.600700 -0.003632 -0.070922 0.997475 -0.340700 0.000000 0.000000 0.000000 1.000000
0.999932 0.011200 0.003395 0.000000 -0.011408 0.997552 0.068988 8.600700 -0.002614 -0.069022 0.997612 -0.340700 0.000000 0.000000 0.000000 1.000000
0.999941 0.010335 0.003191 0.000000 -0.010530 0.997595 0.068512 8.600700 -0.002475 -0.068542 0.997645 -0.340700 0.000000 0.000000 0.000000 1.000000
0.999953 0.009043 0.003360 -0.000000 -0.009256 0.997529 0.069650 8.600700 -0.002721 -0.069678 0.997566 -0.340700 0.000000 0.000000 0.000000 1.000000
0.999963 0.007969 0.003176 -0.000000 -0.008175 0.997432 0.071159 8.600700 -0.002601 -0.071182 0.997460 -0.340700 0.000000 0.000000 0.000000 1.000000
0.999968 0.007649 0.002483 0.000000 -0.007807 0.997408 0.071528 8.600700 -0.001930 -0.071545 0.997435 -0.340700 0.000000 0.000000 0.000000 1.000000
0.999965 0.008172 0.001769 -0.000000 -0.008277 0.997485 0.070390 8.600700 -0.001189 -0.070403 0.997518 -0.340700 0.000000 0.000000 0.000000 1.000000
0.999958 0.008997 0.001549 0.000000 -0.009082 0.997607 0.068540 8.600700 -0.000929 -0.068551 0.997647 -0.340700 0.000000 0.000000 0.000000 1.000000
0.999954 0.009431 0.001888 0.000000 -0.009536 0.997718 0.066836 8.600700 -0.001253 -0.066851 0.997762 -0.340700 0.000000 0.000000 0.000000 1.000000
0.999953 0.009323 0.002537 0.000000 -0.009470 0.997802 0.065591 8.600700 -0.001919 -0.065612 0.997843 -0.340700 0.000000 0.000000 0.000000 1.000000
0.999954 0.009044 0.003260 -0.000000 -0.009237 0.997846 0.064953 8.600700 -0.002666 -0.064980 0.997883 -0.340700 0.000000 0.000000 0.000000 1.000000
0.999953 0.008940 0.003813 0.000000 -0.009169 0.997838 0.065077 8.600700 -0.003223 -0.065108 0.997873 -0.340700 0.000000 0.000000 0.000000 1.000000
0.999952 0.009060 0.003805 -0.000000 -0.009291 0.997804 0.065585 8.600700 -0.003202 -0.065618 0.997840 -0.340700 0.000000 0.000000 0.000000 1.000000
0.999953 0.009253 0.003031 0.000000 -0.009432 0.997806 0.065527 8.600700 -0.002418 -0.065552 0.997846 -0.340700 0.000000 0.000000 0.000000 1.000000
0.999955 0.009310 0.001919 -0.000000 -0.009414 0.997873 0.064499 8.600700 -0.001314 -0.064515 0.997916 -0.340700 0.000000 0.000000 0.000000 1.000000
0.999958 0.009032 0.001222 0.000000 -0.009091 0.997944 0.063450 8.600700 -0.000646 -0.063458 0.997984 -0.340700 0.000000 0.000000 0.000000 1.000000
0.999964 0.008361 0.001219 -0.000000 -0.008422 0.997940 0.063601 8.600700 -0.000685 -0.063609 0.997975 -0.340700 0.000000 0.000000 0.000000 1.000000
0.999970 0.007534 0.001551 0.000000 -0.007619 0.997874 0.064732 8.600700 -0.001060 -0.064742 0.997901 -0.340700 0.000000 0.000000 0.000000 1.000000
0.999975 0.006891 0.001728 0.000000 -0.006990 0.997837 0.065362 8.600700 -0.001274 -0.065373 0.997860 -0.340700 0.000000 0.000000 0.000000 1.000000
0.999977 0.006634 0.001580 0.000000 -0.006722 0.997884 0.064668 8.600700 -0.001148 -0.064677 0.997906 -0.340700 0.000000 0.000000 0.000000 1.000000
0.999978 0.006559 0.001289 0.000000 -0.006628 0.997964 0.063433 8.600700 -0.000870 -0.063440 0.997985 -0.340700 0.000000 0.000000 0.000000 1.000000
0.999979 0.006359 0.001273 0.000000 -0.006427 0.998002 0.062857 8.600700 -0.000871 -0.062864 0.998022 -0.340700 0.000000 0.000000 0.000000 1.000000
0.999980 0.005966 0.001931 0.000000 -0.006076 0.997983 0.063186 8.600700 -0.001550 -0.063197 0.998000 -0.340700 0.000000 0.000000 0.000000 1.000000
0.999978 0.005702 0.003309 0.000000 -0.005901 0.997942 0.063858 8.600700 -0.002938 -0.063876 0.997954 -0.340700 0.000000 0.000000 0.000000 1.000000
0.999971 0.005867 0.004917 -0.000000 -0.006171 0.997902 0.064447 8.600700 -0.004529 -0.064475 0.997909 -0.340700 0.000000 0.000000 0.000000 1.000000
0.999961 0.006436 0.006004 -0.000000 -0.006812 0.997870 0.064877 8.600700 -0.005574 -0.064915 0.997875 -0.340700 0.000000 0.000000 0.000000 1.000000
0.999956 0.007022 0.006158 0.000000 -0.007407 0.997863 0.064927 8.600700 -0.005689 -0.064970 0.997871 -0.340700 0.000000 0.000000 0.000000 1.000000
0.999958 0.007275 0.005624 0.000000 -0.007621 0.997911 0.064155 8.600700 -0.005145 -0.064196 0.997924 -0.340700 0.000000 0.000000 0.000000 1.000000
0.999962 0.007176 0.004948 0.000000 -0.007471 0.998018 0.062486 8.600700 -0.004490 -0.062520 0.998034 -0.340700 0.000000 0.000000 0.000000 1.000000
0.999966 0.006940 0.004450 -0.000000 -0.007197 0.998140 0.060536 8.600700 -0.004021 -0.060566 0.998156 -0.340700 0.000000 0.000000 0.000000 1.000000
0.999968 0.006745 0.004189 0.000000 -0.006981 0.998227 0.059107 8.600700 -0.003783 -0.059134 0.998243 -0.340700 0.000000 0.000000 0.000000 1.000000
0.999969 0.006558 0.004245 0.000000 -0.006795 0.998264 0.058499 8.600700 -0.003854 -0.058526 0.998278 -0.340700 0.000000 0.000000 0.000000 1.000000
0.999969 0.006298 0.004727 -0.000000 -0.006563 0.998271 0.058414 8.600700 -0.004351 -0.058443 0.998281 -0.340700 0.000000 0.000000 0.000000 1.000000
0.999967 0.005914 0.005494 0.000000 -0.006225 0.998273 0.058421 8.600700 -0.005139 -0.058454 0.998277 -0.340700 0.000000 0.000000 0.000000 1.000000
0.999967 0.005395 0.006105 0.000000 -0.005742 0.998281 0.058332 8.600700 -0.005780 -0.058365 0.998279 -0.340700 0.000000 0.000000 0.000000 1.000000
0.999970 0.004738 0.006192 -0.000000 -0.005091 0.998292 0.058201 8.600700 -0.005906 -0.058230 0.998286 -0.340700 0.000000 0.000000 0.000000 1.000000
0.999976 0.003919 0.005784 -0.000000 -0.004249 0.998301 0.058114 8.600700 -0.005546 -0.058137 0.998293 -0.340700 0.000000 0.000000 0.000000 1.000000
0.999982 0.002904 0.005194 0.000000 -0.003201 0.998307 0.058084 8.600700 -0.005016 -0.058100 0.998298 -0.340700 0.000000 0.000000 0.000000 1.000000
0.999988 0.001707 0.004639 -0.000000 -0.001974 0.998310 0.058076 8.600700 -0.004532 -0.058085 0.998301 -0.340700 0.000000 0.000000 0.000000 1.000000
0.999992 0.000444 0.004072 0.000000 -0.000680 0.998314 0.058033 8.600700 -0.004040 -0.058035 0.998306 -0.340700 0.000000 0.000000 0.000000 1.000000
0.999994 -0.000748 0.003410 -0.000000 0.000549 0.998327 0.057819 8.600700 -0.003447 -0.057817 0.998321 -0.340700 0.000000 0.000000 0.000000 1.000000
0.999994 -0.001883 0.002792 -0.000000 0.001720 0.998359 0.057231 8.600700 -0.002895 -0.057226 0.998357 -0.340700 0.000000 0.000000 0.000000 1.000000
0.999992 -0.003168 0.002442 0.000000 0.003026 0.998418 0.056137 8.600700 -0.002616 -0.056130 0.998420 -0.340700 0.000000 0.000000 0.000000 1.000000
0.999986 -0.004744 0.002337 -0.000000 0.004609 0.998499 0.054573 8.600700 -0.002593 -0.054561 0.998507 -0.340700 0.000000 0.000000 0.000000 1.000000
0.999977 -0.006429 0.002243 -0.000000 0.006302 0.998591 0.052693 8.600700 -0.002578 -0.052677 0.998608 -0.340700 0.000000 0.000000 0.000000 1.000000
0.999967 -0.007809 0.002052 0.000000 0.007695 0.998684 0.050700 8.600700 -0.002445 -0.050682 0.998712 -0.340700 0.000000 0.000000 0.000000 1.000000
0.999961 -0.008592 0.001911 0.000000 0.008489 0.998773 0.048785 8.600700 -0.002328 -0.048767 0.998807 -0.340700 0.000000 0.000000 0.000000 1.000000
0.999959 -0.008792 0.001996 0.000000 0.008689 0.998854 0.047062 8.600700 -0.002408 -0.047043 0.998890 -0.340700 0.000000 0.000000 0.000000 1.000000
0.999960 -0.008629 0.002312 0.000000 0.008515 0.998926 0.045555 8.600700 -0.002703 -0.045534 0.998959 -0.340700 0.000000 0.000000 0.000000 1.000000
0.999961 -0.008398 0.002727 0.000000 0.008269 0.998987 0.044243 8.600700 -0.003096 -0.044219 0.999017 -0.340700 0.000000 0.000000 0.000000 1.000000
0.999962 -0.008162 0.003118 0.000000 0.008020 0.999038 0.043118 8.600700 -0.003467 -0.043092 0.999065 -0.340700 0.000000 0.000000 0.000000 1.000000
0.999961 -0.008131 0.003383 0.000000 0.007981 0.999078 0.042191 8.600700 -0.003723 -0.042163 0.999104 -0.340700 0.000000 0.000000 0.000000 1.000000
0.999962 -0.008051 0.003428 -0.000000 0.007902 0.999109 0.041463 8.600700 -0.003759 -0.041435 0.999134 -0.340700 0.000000 0.000000 0.000000 1.000000
0.999964 -0.007887 0.003164 -0.000000 0.007751 0.999134 0.040892 8.600700 -0.003484 -0.040866 0.999159 -0.340700 0.000000 0.000000 0.000000 1.000000
0.999968 -0.007548 0.002669 -0.000000 0.007434 0.999154 0.040442 8.600700 -0.002972 -0.040421 0.999178 -0.340700 0.000000 0.000000 0.000000 1.000000
0.999972 -0.007131 0.002222 -0.000000 0.007037 0.999171 0.040107 8.600700 -0.002506 -0.040090 0.999193 -0.340700 0.000000 0.000000 0.000000 1.000000
0.999975 -0.006799 0.002108 -0.000000 0.006710 0.999182 0.039874 8.600700 -0.002378 -0.039859 0.999202 -0.340700 0.000000 0.000000 0.000000 1.000000
0.999975 -0.006635 0.002384 -0.000000 0.006535 0.999190 0.039702 8.600700 -0.002646 -0.039686 0.999209 -0.340700 0.000000 0.000000 0.000000 1.000000
0.999974 -0.006594 0.002858 0.000000 0.006476 0.999196 0.039556 8.600700 -0.003117 -0.039536 0.999213 -0.340700 0.000000 0.000000 0.000000 1.000000
0.999973 -0.006589 0.003292 0.000000 0.006454 0.999201 0.039443 8.600700 -0.003549 -0.039420 0.999216 -0.340700 0.000000 0.000000 0.000000 1.000000
0.999973 -0.006515 0.003529 0.000000 0.006371 0.999203 0.039398 8.600700 -0.003783 -0.039374 0.999217 -0.340700 0.000000 0.000000 0.000000 1.000000
0.999974 -0.006310 0.003540 0.000000 0.006165 0.999203 0.039426 8.600700 -0.003785 -0.039403 0.999216 -0.340700 0.000000 0.000000 0.000000 1.000000
0.999977 -0.005961 0.003364 0.000000 0.005823 0.999203 0.039479 8.600700 -0.003597 -0.039458 0.999215 -0.340700 0.000000 0.000000 0.000000 1.000000
0.999980 -0.005512 0.003082 -0.000000 0.005386 0.999205 0.039492 8.600700 -0.003297 -0.039475 0.999215 -0.340700 0.000000 0.000000 0.000000 1.000000</float_array><technique_common><accessor source="#mixamorig_Spine-Matrix-animation-output-transform-array" count="96" stride="16"><param type="float4x4"/></accessor></technique_common></source><source id="mixamorig_Spine-Interpolations"><Name_array id="mixamorig_Spine-Interpolations-array" count="96">
 LINEAR LINEAR LINEAR LINEAR LINEAR LINEAR LINEAR LINEAR LINEAR LINEAR LINEAR
LINEAR LINEAR LINEAR LINEAR LINEAR LINEAR LINEAR LINEAR LINEAR LINEAR LINEAR LINEAR
LINEAR LINEAR LINEAR LINEAR LINEAR LINEAR LINEAR LINEAR LINEAR LINEAR LINEAR LINEAR
LINEAR LINEAR LINEAR LINEAR LINEAR LINEAR LINEAR LINEAR LINEAR LINEAR LINEAR LINEAR
LINEAR LINEAR LINEAR LINEAR LINEAR LINEAR LINEAR LINEAR LINEAR LINEAR LINEAR LINEAR
LINEAR LINEAR LINEAR LINEAR LINEAR LINEAR LINEAR LINEAR LINEAR LINEAR LINEAR LINEAR
LINEAR LINEAR LINEAR LINEAR LINEAR LINEAR LINEAR LINEAR LINEAR LINEAR LINEAR LINEAR
LINEAR LINEAR LINEAR LINEAR LINEAR LINEAR LINEAR LINEAR LINEAR LINEAR LINEAR LINEAR
LINEAR</Name_array><technique_common><accessor source="#mixamorig_Spine-Interpolations-array" count="96"><param type="name"/></accessor></technique_common></source><sampler id="mixamorig_Spine-Matrix-animation-transform"><input semantic="INPUT" source="#mixamorig_Spine-Matrix-animation-input"/><input semantic="OUTPUT" source="#mixamorig_Spine-Matrix-animation-output-transform"/><input semantic="INTERPOLATION" source="#mixamorig_Spine-Interpolations"/></sampler><channel source="#mixamorig_Spine-Matrix-animation-transform" target="mixamorig_Spine/matrix"/></animation>
    <animation id="mixamorig_Spine1-anim" name="mixamorig_Spine1"><source id="mixamorig_Spine1-Matrix-animation-input"><float_array id="mixamorig_Spine1-Matrix-animation-input-array" count="96">

0.000000 0.033333 0.066667 0.100000 0.133333 0.166667 0.200000 0.233333 0.266667 0.300000 0.333333 0.366667 0.400000 0.433333 0.466667 0.500000
0.533333 0.566667 0.600000 0.633333 0.666667 0.700000 0.733333 0.766667 0.800000 0.833333 0.866667 0.900000 0.933333 0.966667 1.000000 1.033333
1.066667 1.100000 1.133333 1.166667 1.200000 1.233333 1.266667 1.300000 1.333333 1.366667 1.400000 1.433333 1.466667 1.500000 1.533333 1.566667
1.600000 1.633333 1.666667 1.700000 1.733333 1.766667 1.800000 1.833333 1.866667 1.900000 1.933333 1.966667 2.000000 2.033333 2.066667 2.100000
2.133333 2.166667 2.200000 2.233333 2.266667 2.300000 2.333333 2.366667 2.400000 2.433333 2.466667 2.500000 2.533333 2.566667 2.600000 2.633333
2.666667 2.700000 2.733333 2.766667 2.800000 2.833333 2.866667 2.900000 2.933333 2.966667 3.000000 3.033333 3.066667 3.100000 3.133333 3.166667</float_array><technique_common><accessor source="#mixamorig_Spine1-Matrix-animation-input-array" count="96"><param name="TIME" type="float"/></accessor></technique_common></source><source id="mixamorig_Spine1-Matrix-animation-output-transform"><float_array id="mixamorig_Spine1-Matrix-animation-output-transform-array" count="1536">

0.999938 -0.009236 0.006284 0.000000 0.009237 0.999957 -0.000127 10.042100 -0.006283 0.000185 0.999980 0.000000 0.000000 0.000000 0.000000 1.000000
0.999940 -0.008996 0.006320 0.000000 0.008995 0.999960 0.000259 10.042100 -0.006322 -0.000202 0.999980 -0.000000 0.000000 0.000000 0.000000 1.000000
0.999940 -0.008916 0.006413 0.000000 0.008911 0.999960 0.000754 10.042100 -0.006420 -0.000697 0.999979 -0.000000 0.000000 0.000000 0.000000 1.000000
0.999939 -0.008978 0.006461 0.000000 0.008970 0.999959 0.001245 10.042100 -0.006472 -0.001187 0.999978 0.000000 0.000000 0.000000 0.000000 1.000000
0.999939 -0.008973 0.006375 0.000000 0.008965 0.999959 0.001325 10.042100 -0.006386 -0.001268 0.999979 0.000000 0.000000 0.000000 0.000000 1.000000
0.999945 -0.008399 0.006293 0.000000 0.008396 0.999965 0.000536 10.042100 -0.006297 -0.000483 0.999980 0.000000 0.000000 0.000000 0.000000 1.000000
0.999955 -0.006791 0.006648 0.000000 0.006797 0.999976 -0.000902 10.042100 -0.006642 0.000947 0.999977 0.000000 0.000000 0.000000 0.000000 1.000000
0.999961 -0.004264 0.007771 -0.000000 0.004277 0.999990 -0.001621 10.042100 -0.007764 0.001654 0.999968 0.000000 0.000000 0.000000 0.000000 1.000000
0.999955 -0.001576 0.009377 0.000000 0.001574 0.999999 0.000279 10.042100 -0.009377 -0.000264 0.999956 -0.000000 0.000000 0.000000 0.000000 1.000000
0.999943 0.000499 0.010633 0.000000 -0.000561 0.999983 0.005750 10.042100 -0.010630 -0.005756 0.999927 -0.000000 0.000000 0.000000 0.000000 1.000000
0.999941 0.001856 0.010686 0.000000 -0.002004 0.999902 0.013827 10.042100 -0.010660 -0.013848 0.999847 0.000000 0.000000 0.000000 0.000000 1.000000
0.999954 0.002984 0.009116 0.000000 -0.003186 0.999748 0.022214 10.042100 -0.009047 -0.022242 0.999712 0.000000 0.000000 0.000000 0.000000 1.000000
0.999971 0.004354 0.006191 -0.000000 -0.004531 0.999574 0.028839 10.042100 -0.006063 -0.028866 0.999565 0.000000 0.000000 0.000000 0.000000 1.000000
0.999978 0.006016 0.002953 0.000000 -0.006110 0.999438 0.032954 10.042100 -0.002753 -0.032971 0.999453 0.000000 0.000000 0.000000 0.000000 1.000000
0.999970 0.007705 0.000628 0.000000 -0.007723 0.999357 0.035000 10.042100 -0.000358 -0.035004 0.999387 0.000000 0.000000 0.000000 0.000000 1.000000
0.999958 0.009153 -0.000369 -0.000000 -0.009134 0.999308 0.036064 10.042100 0.000699 -0.036059 0.999349 0.000000 0.000000 0.000000 0.000000 1.000000
0.999948 0.010189 -0.000673 0.000000 -0.010157 0.999249 0.037400 10.042100 0.001054 -0.037391 0.999300 -0.000000 0.000000 0.000000 0.000000 1.000000
0.999942 0.010771 -0.000876 0.000000 -0.010728 0.999144 0.039960 10.042100 0.001305 -0.039948 0.999201 0.000000 0.000000 0.000000 0.000000 1.000000
0.999942 0.010772 -0.000688 0.000000 -0.010732 0.998974 0.043987 10.042100 0.001161 -0.043978 0.999032 0.000000 0.000000 0.000000 0.000000 1.000000
0.999949 0.010110 0.000356 -0.000000 -0.010115 0.998750 0.048946 10.042100 0.000139 -0.048947 0.998801 -0.000000 0.000000 0.000000 0.000000 1.000000
0.999959 0.008820 0.001937 0.000000 -0.008911 0.998505 0.053938 10.042100 -0.001459 -0.053953 0.998542 0.000000 0.000000 0.000000 0.000000 1.000000
0.999969 0.007006 0.003542 -0.000000 -0.007200 0.998279 0.058204 10.042100 -0.003128 -0.058228 0.998298 0.000000 0.000000 0.000000 0.000000 1.000000
0.999972 0.004971 0.005575 -0.000000 -0.005303 0.998111 0.061215 10.042100 -0.005260 -0.061243 0.998109 0.000000 0.000000 0.000000 0.000000 1.000000
0.999956 0.003292 0.008795 0.000000 -0.003836 0.998035 0.062549 10.042100 -0.008572 -0.062580 0.998003 0.000000 0.000000 0.000000 0.000000 1.000000
