<?xml version="1.0" encoding="utf-8"?>
<COLLADA xmlns="http://www.collada.org/2005/11/COLLADASchema" version="1.4.1">
  <asset><contributor><author>Mixamo</author><authoring_tool>COLLADA Mixamo exporter</authoring_tool><comments></comments></contributor><created>2021-07-21T15:32:49Z</created><modified>2021-07-21T15:32:49Z</modified><revision></revision><title></title><unit meter="0.010000"/><up_axis>Y_UP</up_axis></asset>
  <library_animations>
    <animation id="newVegas_Hips-anim" name="newVegas_Hips"><source id="newVegas_Hips-Matrix-animation-input"><float_array id="newVegas_Hips-Matrix-animation-input-array" count="71">

0.000000 0.033333 0.066667 0.100000 0.133333 0.166667 0.200000 0.233333 0.266667 0.300000 0.333333 0.366667 0.400000 0.433333 0.466667 0.500000
0.533333 0.566667 0.600000 0.633333 0.666667 0.700000 0.733333 0.766667 0.800000 0.833333 0.866667 0.900000 0.933333 0.966667 1.000000 1.033333
1.066667 1.100000 1.133333 1.166667 1.200000 1.233333 1.266667 1.300000 1.333333 1.366667 1.400000 1.433333 1.466667 1.500000 1.533333 1.566667
1.600000 1.633333 1.666667 1.700000 1.733333 1.766667 1.800000 1.833333 1.866667 1.900000 1.933333 1.966667 2.000000 2.033333 2.066667 2.100000
2.133333 2.166667 2.200000 2.233333 2.266667 2.300000 2.333333</float_array><technique_common><accessor source="#newVegas_Hips-Matrix-animation-input-array" count="71"><param name="TIME" type="float"/></accessor></technique_common></source><source id="newVegas_Hips-Matrix-animation-output-transform"><float_array id="newVegas_Hips-Matrix-animation-output-transform-array" count="1136">

0.993608 -0.017561 -0.111509 1.959171 -0.010901 0.968281 -0.249625 75.029373 0.112356 0.249245 0.961901 -8.533068 0.000000 0.000000 0.000000 1.000000
0.993817 0.003740 -0.110966 2.117513 -0.035955 0.956418 -0.289778 71.030693 0.105046 0.291976 0.950639 -10.107302 0.000000 0.000000 0.000000 1.000000
0.994060 0.027022 -0.105429 2.286033 -0.061246 0.939641 -0.336635 67.384499 0.089969 0.341092 0.935714 -11.207001 0.000000 0.000000 0.000000 1.000000
0.994511 0.039934 -0.096714 2.450432 -0.074439 0.919601 -0.385738 64.214989 0.073534 0.390820 0.917525 -11.754848 0.000000 0.000000 0.000000 1.000000
0.995390 0.039892 -0.087222 2.572095 -0.073472 0.901703 -0.426068 61.595844 0.061652 0.430512 0.900477 -11.833069 0.000000 0.000000 0.000000 1.000000
0.996265 0.035693 -0.078626 2.652268 -0.067642 0.888580 -0.453708 59.624451 0.053671 0.457332 0.887675 -11.463268 0.000000 0.000000 0.000000 1.000000
0.996756 0.034391 -0.072763 2.777961 -0.064542 0.881672 -0.467429 58.364151 0.048077 0.470609 0.881031 -10.576126 0.000000 0.000000 0.000000 1.000000
0.996884 0.033039 -0.071629 2.957868 -0.062431 0.885499 -0.460428 57.817650 0.048215 0.463465 0.884802 -9.313061 0.000000 0.000000 0.000000 1.000000
0.996814 0.025766 -0.075485 3.056001 -0.055673 0.902471 -0.427137 58.494926 0.057118 0.429979 0.901030 -8.045946 0.000000 0.000000 0.000000 1.000000
0.996573 0.012923 -0.081698 2.971104 -0.042603 0.926824 -0.373073 60.714264 0.070898 0.375275 0.924198 -6.971371 0.000000 0.000000 0.000000 1.000000
0.996275 -0.000286 -0.086236 2.724781 -0.026608 0.950184 -0.310551 64.036446 0.082029 0.311688 0.946637 -5.871005 0.000000 0.000000 0.000000 1.000000
0.996412 -0.011386 -0.083867 2.390036 -0.009737 0.968908 -0.247229 68.316513 0.084074 0.247159 0.965321 -4.439116 0.000000 0.000000 0.000000 1.000000
0.997188 -0.022129 -0.071595 2.085987 0.008734 0.983212 -0.182255 73.666473 0.074426 0.181118 0.980641 -2.619300 0.000000 0.000000 0.000000 1.000000
0.998017 -0.035435 -0.052029 1.944734 0.029287 0.992991 -0.114501 80.407959 0.055721 0.112750 0.992060 -0.494142 0.000000 0.000000 0.000000 1.000000
0.998310 -0.048147 -0.032551 2.081644 0.046242 0.997306 -0.056947 88.237534 0.035205 0.055345 0.997846 2.185797 0.000000 0.000000 0.000000 1.000000
0.998109 -0.059019 -0.017170 2.394666 0.058275 0.997459 -0.040982 95.678581 0.019546 0.039904 0.999012 5.512076 0.000000 0.000000 0.000000 1.000000
0.997834 -0.065691 -0.003371 2.501000 0.065193 0.994482 -0.082186 101.090302 0.008751 0.081788 0.996611 8.029170 0.000000 0.000000 0.000000 1.000000
0.997613 -0.068090 0.011484 2.412623 0.069030 0.987601 -0.140992 107.310608 -0.001741 0.141449 0.989944 8.685709 0.000000 0.000000 0.000000 1.000000
0.997555 -0.065825 0.023461 2.367337 0.068791 0.984057 -0.164010 114.638992 -0.012291 0.165223 0.986180 7.673762 0.000000 0.000000 0.000000 1.000000
0.997760 -0.061232 0.026940 1.900387 0.064759 0.985077 -0.159467 121.543259 -0.016774 0.160855 0.986836 5.591851 0.000000 0.000000 0.000000 1.000000
0.998735 -0.046774 0.018473 1.581067 0.049271 0.983644 -0.173255 127.721031 -0.010067 0.173946 0.984704 3.284270 0.000000 0.000000 0.000000 1.000000
0.999502 -0.031022 0.005805 1.285695 0.031545 0.976159 -0.214750 133.034424 0.000996 0.214827 0.976652 0.568949 0.000000 0.000000 0.000000 1.000000
0.999799 -0.020028 -0.001307 1.058651 0.019089 0.968997 -0.246333 136.386200 0.006201 0.246259 0.969184 -2.052441 0.000000 0.000000 0.000000 1.000000
0.999923 -0.012166 0.002234 0.865086 0.012349 0.971493 -0.236747 137.335922 0.000710 0.236756 0.971569 -3.416602 0.000000 0.000000 0.000000 1.000000
0.999948 -0.000956 0.010191 0.691334 0.002933 0.980638 -0.195808 136.772552 -0.009807 0.195828 0.980589 -3.299408 0.000000 0.000000 0.000000 1.000000
0.999801 0.013694 0.014526 0.646492 -0.011121 0.986331 -0.164401 135.876053 -0.016578 0.164207 0.986287 -3.162219 0.000000 0.000000 0.000000 1.000000
0.999488 0.027999 0.015518 0.794541 -0.024843 0.984156 -0.175554 134.953598 -0.020188 0.175079 0.984347 -3.474776 0.000000 0.000000 0.000000 1.000000
0.999083 0.038302 0.019159 1.067813 -0.033093 0.974418 -0.222295 133.577850 -0.027183 0.221457 0.974791 -3.167594 0.000000 0.000000 0.000000 1.000000
0.998632 0.044820 0.026916 1.401498 -0.035988 0.962761 -0.267948 130.867126 -0.037924 0.266613 0.963057 -1.879784 0.000000 0.000000 0.000000 1.000000
0.998228 0.050327 0.031736 1.734381 -0.039228 0.957752 -0.284906 126.539932 -0.044734 0.283157 0.958030 -0.131980 0.000000 0.000000 0.000000 1.000000
0.998027 0.056683 0.027001 2.016376 -0.047034 0.959856 -0.276520 120.766243 -0.041591 0.274705 0.960629 1.644830 0.000000 0.000000 0.000000 1.000000
0.997782 0.064419 0.016759 2.328509 -0.057639 0.962104 -0.266521 113.521271 -0.033293 0.264964 0.963683 3.225129 0.000000 0.000000 0.000000 1.000000
0.997253 0.072650 0.014442 2.768277 -0.065907 0.959288 -0.274631 104.600426 -0.033806 0.272925 0.961441 4.328172 0.000000 0.000000 0.000000 1.000000
0.996279 0.081001 0.029453 3.314126 -0.068589 0.952040 -0.298187 94.102226 -0.052194 0.295057 0.954053 4.582886 0.000000 0.000000 0.000000 1.000000
0.994415 0.089229 0.056368 3.825810 -0.067080 0.946666 -0.315158 83.688324 -0.081483 0.309617 0.947364 3.556423 0.000000 0.000000 0.000000 1.000000
0.992179 0.095550 0.080322 4.117200 -0.066332 0.948690 -0.309173 75.301521 -0.105742 0.301427 0.947608 1.398222 0.000000 0.000000 0.000000 1.000000
0.990209 0.104255 0.092824 4.383685 -0.073225 0.954086 -0.290445 68.545074 -0.118842 0.280804 0.952379 -0.398954 0.000000 0.000000 0.000000 1.000000
0.988129 0.113354 0.103693 4.655688 -0.080297 0.956506 -0.280445 63.778000 -0.130972 0.268789 0.954253 -1.472295 0.000000 0.000000 0.000000 1.000000
0.984200 0.121928 0.128387 4.837204 -0.081083 0.954982 -0.285369 60.885349 -0.157401 0.270451 0.949780 -2.740634 0.000000 0.000000 0.000000 1.000000
0.979106 0.127945 0.158056 5.062346 -0.076366 0.951713 -0.297340 59.063450 -0.188467 0.279057 0.941598 -4.043693 0.000000 0.000000 0.000000 1.000000
0.977368 0.125912 0.169994 5.190119 -0.068307 0.948371 -0.309719 58.083809 -0.200215 0.291098 0.935508 -5.123795 0.000000 0.000000 0.000000 1.000000
0.979391 0.120178 0.162331 5.039960 -0.062211 0.944136 -0.323631 57.816662 -0.192156 0.306862 0.932154 -5.830796 0.000000 0.000000 0.000000 1.000000
0.980807 0.120700 0.153130 4.731405 -0.062686 0.938866 -0.338528 58.127979 -0.184629 0.322432 0.928413 -6.232050 0.000000 0.000000 0.000000 1.000000
0.980029 0.129252 0.151123 4.433313 -0.069755 0.935112 -0.347418 58.950909 -0.186221 0.329938 0.925453 -6.504817 0.000000 0.000000 0.000000 1.000000
0.978915 0.139441 0.149272 4.153670 -0.080234 0.934505 -0.346789 60.331512 -0.187852 0.327500 0.925989 -6.806739 0.000000 0.000000 0.000000 1.000000
0.978969 0.146320 0.142161 3.817323 -0.090270 0.935596 -0.341337 62.246872 -0.182950 0.321326 0.929128 -7.040864 0.000000 0.000000 0.000000 1.000000
0.979428 0.151082 0.133769 3.374979 -0.098836 0.937112 -0.334741 64.488380 -0.175930 0.314634 0.932767 -6.919232 0.000000 0.000000 0.000000 1.000000
0.979377 0.155301 0.129235 2.812531 -0.106329 0.940092 -0.323915 66.984375 -0.171797 0.303494 0.937218 -6.486339 0.000000 0.000000 0.000000 1.000000
0.979666 0.154589 0.127892 2.238759 -0.109833 0.946660 -0.302937 69.875198 -0.167901 0.282731 0.944390 -5.997414 0.000000 0.000000 0.000000 1.000000
0.981947 0.141747 0.125253 1.759885 -0.103927 0.957550 -0.268883 73.345924 -0.158050 0.251011 0.954994 -5.566500 0.000000 0.000000 0.000000 1.000000
0.986030 0.117524 0.118041 1.390063 -0.088334 0.969738 -0.227608 77.277161 -0.141218 0.214001 0.966572 -5.135251 0.000000 0.000000 0.000000 1.000000
0.990042 0.092074 0.106481 1.042997 -0.070236 0.978643 -0.193195 81.228050 -0.121995 0.183793 0.975365 -4.682580 0.000000 0.000000 0.000000 1.000000
0.993023 0.072603 0.092922 0.708510 -0.055767 0.983441 -0.172433 84.921013 -0.103902 0.166048 0.980629 -4.213229 0.000000 0.000000 0.000000 1.000000
0.995249 0.058392 0.077911 0.466340 -0.045739 0.986808 -0.155300 88.099251 -0.085952 0.150998 0.984790 -3.618119 0.000000 0.000000 0.000000 1.000000
0.997245 0.045316 0.058722 0.255619 -0.037418 0.990907 -0.129239 90.737320 -0.064045 0.126686 0.989873 -2.879881 0.000000 0.000000 0.000000 1.000000
0.998874 0.034575 0.032499 0.044757 -0.031305 0.994865 -0.096245 92.584259 -0.035660 0.095119 0.994827 -2.027177 0.000000 0.000000 0.000000 1.000000
0.999583 0.028867 -0.000330 -0.223372 -0.028824 0.997311 -0.067382 93.906128 -0.001616 0.067363 0.997727 -1.213533 0.000000 0.000000 0.000000 1.000000
0.998937 0.028042 -0.036591 -0.487743 -0.029724 0.998488 -0.046242 94.599884 0.035239 0.047280 0.998260 -0.489500 0.000000 0.000000 0.000000 1.000000
0.997022 0.030312 -0.070917 -0.716042 -0.032266 0.999126 -0.026578 94.719620 0.070050 0.028787 0.997128 0.105500 0.000000 0.000000 0.000000 1.000000
0.994681 0.035110 -0.096839 -0.912427 -0.035410 0.999372 -0.001383 94.797943 0.096730 0.004805 0.995299 0.552511 0.000000 0.000000 0.000000 1.000000
0.992984 0.042825 -0.110222 -1.020293 -0.039820 0.998777 0.029318 94.901749 0.111342 -0.024723 0.993475 0.931957 0.000000 0.000000 0.000000 1.000000
0.992394 0.050430 -0.112301 -1.020156 -0.044126 0.997345 0.057929 95.037582 0.114924 -0.052533 0.991984 1.351307 0.000000 0.000000 0.000000 1.000000
0.992722 0.053702 -0.107788 -0.936000 -0.045632 0.996064 0.075994 95.213333 0.111445 -0.070522 0.991265 1.846874 0.000000 0.000000 0.000000 1.000000
0.993580 0.052164 -0.100389 -0.789421 -0.043991 0.995663 0.081973 95.319809 0.104230 -0.077031 0.991566 2.379598 0.000000 0.000000 0.000000 1.000000
0.994455 0.049283 -0.092899 -0.603212 -0.041689 0.995762 0.081980 95.315277 0.096546 -0.077653 0.992295 2.891279 0.000000 0.000000 0.000000 1.000000
0.994829 0.048683 -0.089132 -0.443416 -0.041318 0.995719 0.082687 95.260536 0.092776 -0.078577 0.992582 3.296683 0.000000 0.000000 0.000000 1.000000
0.994621 0.050176 -0.090620 -0.308491 -0.042568 0.995555 0.084014 95.202209 0.094433 -0.079705 0.992335 3.615124 0.000000 0.000000 0.000000 1.000000
0.994166 0.052184 -0.094400 -0.194624 -0.044436 0.995608 0.082397 95.161064 0.098285 -0.077722 0.992119 3.866641 0.000000 0.000000 0.000000 1.000000
0.993920 0.053689 -0.096126 -0.098992 -0.046330 0.995937 0.077216 95.158295 0.099881 -0.072293 0.992370 4.068201 0.000000 0.000000 0.000000 1.000000
0.994034 0.054479 -0.094493 -0.018752 -0.047863 0.996332 0.070930 95.194275 0.098011 -0.065984 0.992995 4.241343 0.000000 0.000000 0.000000 1.000000
0.994308 0.055096 -0.091188 0.047635 -0.049247 0.996656 0.065198 95.253601 0.094475 -0.060336 0.993697 4.395752 0.000000 0.000000 0.000000 1.000000</float_array><technique_common><accessor source="#newVegas_Hips-Matrix-animation-output-transform-array" count="71" stride="16"><param type="float4x4"/></accessor></technique_common></source><source id="newVegas_Hips-Interpolations"><Name_array id="newVegas_Hips-Interpolations-array" count="71">
 LINEAR LINEAR LINEAR LINEAR LINEAR LINEAR LINEAR LINEAR LINEAR LINEAR LINEAR
LINEAR LINEAR LINEAR LINEAR LINEAR LINEAR LINEAR LINEAR LINEAR LINEAR LINEAR LINEAR
LINEAR LINEAR LINEAR LINEAR LINEAR LINEAR LINEAR LINEAR LINEAR LINEAR LINEAR LINEAR
LINEAR LINEAR LINEAR LINEAR LINEAR LINEAR LINEAR LINEAR LINEAR LINEAR LINEAR LINEAR
LINEAR LINEAR LINEAR LINEAR LINEAR LINEAR LINEAR LINEAR LINEAR LINEAR LINEAR LINEAR
LINEAR LINEAR LINEAR LINEAR LINEAR LINEAR LINEAR LINEAR LINEAR LINEAR LINEAR LINEAR</Name_array><technique_common><accessor source="#newVegas_Hips-Interpolations-array" count="71"><param type="name"/></accessor></technique_common></source><sampler id="newVegas_Hips-Matrix-animation-transform"><input semantic="INPUT" source="#newVegas_Hips-Matrix-animation-input"/><input semantic="OUTPUT" source="#newVegas_Hips-Matrix-animation-output-transform"/><input semantic="INTERPOLATION" source="#newVegas_Hips-Interpolations"/></sampler><channel source="#newVegas_Hips-Matrix-animation-transform" target="newVegas_Hips/matrix"/></animation>
    <animation id="newVegas_Pelvis-anim" name="newVegas_Pelvis"><source id="newVegas_Pelvis-Matrix-animation-input"><float_array id="newVegas_Pelvis-Matrix-animation-input-array" count="71">

0.000000 0.033333 0.066667 0.100000 0.133333 0.166667 0.200000 0.233333 0.266667 0.300000 0.333333 0.366667 0.400000 0.433333 0.466667 0.500000
0.533333 0.566667 0.600000 0.633333 0.666667 0.700000 0.733333 0.766667 0.800000 0.833333 0.866667 0.900000 0.933333 0.966667 1.000000 1.033333
1.066667 1.100000 1.133333 1.166667 1.200000 1.233333 1.266667 1.300000 1.333333 1.366667 1.400000 1.433333 1.466667 1.500000 1.533333 1.566667
1.600000 1.633333 1.666667 1.700000 1.733333 1.766667 1.800000 1.833333 1.866667 1.900000 1.933333 1.966667 2.000000 2.033333 2.066667 2.100000
2.133333 2.166667 2.200000 2.233333 2.266667 2.300000 2.333333</float_array><technique_common><accessor source="#newVegas_Pelvis-Matrix-animation-input-array" count="71"><param name="TIME" type="float"/></accessor></technique_common></source><source id="newVegas_Pelvis-Matrix-animation-output-transform"><float_array id="newVegas_Pelvis-Matrix-animation-output-transform-array" count="1136">

1.000000 0.000000 0.000000 0.000000 0.000000 1.000000 0.000000 0.000000 0.000000 0.000000 1.000000 0.000000 0.000000 0.000000 0.000000 1.000000
1.000000 0.000000 -0.000000 0.000000 0.000000 1.000000 0.000000 0.000000 0.000000 0.000000 1.000000 0.000000 0.000000 0.000000 0.000000 1.000000
1.000000 0.000000 0.000000 0.000000 -0.000000 1.000000 0.000000 0.000000 -0.000000 -0.000000 1.000000 0.000000 0.000000 0.000000 0.000000 1.000000
1.000000 -0.000000 0.000000 0.000000 -0.000000 1.000000 -0.000000 0.000000 -0.000000 0.000000 1.000000 0.000000 0.000000 0.000000 0.000000 1.000000
1.000000 -0.000000 0.000000 0.000000 0.000000 1.000000 0.000000 0.000000 0.000000 0.000000 1.000000 0.000000 0.000000 0.000000 0.000000 1.000000
1.000000 -0.000000 -0.000000 0.000000 0.000000 1.000000 0.000000 0.000000 0.000000 -0.000000 1.000000 0.000000 0.000000 0.000000 0.000000 1.000000
1.000000 -0.000000 0.000000 0.000000 0.000000 1.000000 0.000000 0.000000 -0.000000 0.000000 1.000000 0.000000 0.000000 0.000000 0.000000 1.000000
1.000000 -0.000000 -0.000000 0.000000 -0.000000 1.000000 -0.000000 0.000000 0.000000 0.000000 1.000000 0.000000 0.000000 0.000000 0.000000 1.000000
1.000000 0.000000 0.000000 0.000000 -0.000000 1.000000 0.000000 0.000000 -0.000000 0.000000 1.000000 0.000000 0.000000 0.000000 0.000000 1.000000
1.000000 0.000000 -0.000000 0.000000 0.000000 1.000000 0.000000 0.000000 0.000000 0.000000 1.000000 0.000000 0.000000 0.000000 0.000000 1.000000
1.000000 0.000000 -0.000000 0.000000 0.000000 1.000000 0.000000 0.000000 -0.000000 -0.000000 1.000000 0.000000 0.000000 0.000000 0.000000 1.000000
1.000000 0.000000 0.000000 0.000000 0.000000 1.000000 0.000000 0.000000 0.000000 -0.000000 1.000000 0.000000 0.000000 0.000000 0.000000 1.000000
1.000000 -0.000000 0.000000 0.000000 0.000000 1.000000 -0.000000 0.000000 0.000000 0.000000 1.000000 0.000000 0.000000 0.000000 0.000000 1.000000
1.000000 0.000000 0.000000 0.000000 -0.000000 1.000000 0.000000 0.000000 0.000000 0.000000 1.000000 0.000000 0.000000 0.000000 0.000000 1.000000
1.000000 0.000000 -0.000000 0.000000 -0.000000 1.000000 0.000000 0.000000 0.000000 0.000000 1.000000 0.000000 0.000000 0.000000 0.000000 1.000000
1.000000 -0.000000 0.000000 0.000000 -0.000000 1.000000 -0.000000 0.000000 -0.000000 0.000000 1.000000 0.000000 0.000000 0.000000 0.000000 1.000000
1.000000 0.000000 -0.000000 0.000000 -0.000000 1.000000 0.000000 0.000000 -0.000000 0.000000 1.000000 0.000000 0.000000 0.000000 0.000000 1.000000
1.000000 0.000000 -0.000000 0.000000 -0.000000 1.000000 0.000000 0.000000 -0.000000 -0.000000 1.000000 0.000000 0.000000 0.000000 0.000000 1.000000
1.000000 0.000000 0.000000 0.000000 0.000000 1.000000 -0.000000 0.000000 -0.000000 -0.000000 1.000000 0.000000 0.000000 0.000000 0.000000 1.000000
1.000000 0.000000 -0.000000 0.000000 -0.000000 1.000000 0.000000 0.000000 0.000000 0.000000 1.000000 0.000000 0.000000 0.000000 0.000000 1.000000
1.000000 -0.000000 0.000000 0.000000 -0.000000 1.000000 0.000000 0.000000 0.000000 -0.000000 1.000000 0.000000 0.000000 0.000000 0.000000 1.000000
1.000000 0.000000 -0.000000 0.000000 -0.000000 1.000000 0.000000 0.000000 -0.000000 0.000000 1.000000 0.000000 0.000000 0.000000 0.000000 1.000000
1.000000 0.000000 -0.000000 0.000000 -0.000000 1.000000 0.000000 0.000000 0.000000 0.000000 1.000000 0.000000 0.000000 0.000000 0.000000 1.000000
1.000000 -0.000000 -0.000000 0.000000 -0.000000 1.000000 0.000000 0.000000 -0.000000 0.000000 1.000000 0.000000 0.000000 0.000000 0.000000 1.000000
1.000000 0.000000 -0.000000 0.000000 0.000000 1.000000 0.000000 0.000000 0.000000 0.000000 1.000000 0.000000 0.000000 0.000000 0.000000 1.000000
1.000000 0.000000 0.000000 0.000000 0.000000 1.000000 0.000000 0.000000 0.000000 0.000000 1.000000 0.000000 0.000000 0.000000 0.000000 1.000000
1.000000 0.000000 0.000000 0.000000 -0.000000 1.000000 0.000000 0.000000 0.000000 0.000000 1.000000 0.000000 0.000000 0.000000 0.000000 1.000000
1.000000 -0.000000 0.000000 0.000000 0.000000 1.000000 -0.000000 0.000000 -0.000000 0.000000 1.000000 0.000000 0.000000 0.000000 0.000000 1.000000
1.000000 0.000000 0.000000 0.000000 -0.000000 1.000000 -0.000000 0.000000 0.000000 -0.000000 1.000000 0.000000 0.000000 0.000000 0.000000 1.000000
1.000000 0.000000 -0.000000 0.000000 -0.000000 1.000000 0.000000 0.000000 0.000000 0.000000 1.000000 0.000000 0.000000 0.000000 0.000000 1.000000
1.000000 -0.000000 0.000000 0.000000 0.000000 1.000000 -0.000000 0.000000 0.000000 0.000000 1.000000 0.000000 0.000000 0.000000 0.000000 1.000000
1.000000 -0.000000 0.000000 0.000000 0.000000 1.000000 0.000000 0.000000 0.000000 0.000000 1.000000 0.000000 0.000000 0.000000 0.000000 1.000000
1.000000 0.000000 0.000000 0.000000 -0.000000 1.000000 0.000000 0.000000 -0.000000 0.000000 1.000000 0.000000 0.000000 0.000000 0.000000 1.000000
1.000000 -0.000000 -0.000000 0.000000 -0.000000 1.000000 -0.000000 0.000000 0.000000 0.000000 1.000000 0.000000 0.000000 0.000000 0.000000 1.000000
1.000000 -0.000000 0.000000 0.000000 0.000000 1.000000 0.000000 0.000000 0.000000 -0.000000 1.000000 0.000000 0.000000 0.000000 0.000000 1.000000
1.000000 -0.000000 0.000000 0.000000 0.000000 1.000000 -0.000000 0.000000 0.000000 0.000000 1.000000 0.000000 0.000000 0.000000 0.000000 1.000000
1.000000 -0.000000 -0.000000 0.000000 0.000000 1.000000 -0.000000 0.000000 0.000000 0.000000 1.000000 0.000000 0.000000 0.000000 0.000000 1.000000
1.000000 -0.000000 0.000000 0.000000 0.000000 1.000000 0.000000 0.000000 -0.000000 0.000000 1.000000 0.000000 0.000000 0.000000 0.000000 1.000000
1.000000 0.000000 0.000000 0.000000 0.000000 1.000000 0.000000 0.000000 -0.000000 0.000000 1.000000 0.000000 0.000000 0.000000 0.000000 1.000000
1.000000 0.000000 0.000000 0.000000 0.000000 1.000000 0.000000 0.000000 -0.000000 0.000000 1.000000 0.000000 0.000000 0.000000 0.000000 1.000000
1.000000 -0.000000 -0.000000 0.000000 0.000000 1.000000 -0.000000 0.000000 -0.000000 0.000000 1.000000 0.000000 0.000000 0.000000 0.000000 1.000000
1.000000 -0.000000 -0.000000 0.000000 0.000000 1.000000 0.000000 0.000000 -0.000000 0.000000 1.000000 0.000000 0.000000 0.000000 0.000000 1.000000
1.000000 -0.000000 0.000000 0.000000 -0.000000 1.000000 0.000000 0.000000 0.000000 -0.000000 1.000000 0.000000 0.000000 0.000000 0.000000 1.000000
1.000000 0.000000 0.000000 0.000000 -0.000000 1.000000 0.000000 0.000000 0.000000 -0.000000 1.000000 0.000000 0.000000 0.000000 0.000000 1.000000
1.000000 -0.000000 0.000000 0.000000 -0.000000 1.000000 0.000000 0.000000 -0.000000 0.000000 1.000000 0.000000 0.000000 0.000000 0.000000 1.000000
1.000000 0.000000 -0.000000 0.000000 -0.000000 1.000000 0.000000 0.000000 0.000000 0.000000 1.000000 0.000000 0.000000 0.000000 0.000000 1.000000
1.000000 0.000000 0.000000 0.000000 -0.000000 1.000000 0.000000 0.000000 0.000000 0.000000 1.000000 0.000000 0.000000 0.000000 0.000000 1.000000
1.000000 -0.000000 0.000000 0.000000 0.000000 1.000000 0.000000 0.000000 0.000000 -0.000000 1.000000 0.000000 0.000000 0.000000 0.000000 1.000000
1.000000 -0.000000 0.000000 0.000000 -0.000000 1.000000 0.000000 0.000000 -0.000000 0.000000 1.000000 0.000000 0.000000 0.000000 0.000000 1.000000
1.000000 -0.000000 0.000000 0.000000 0.000000 1.000000 0.000000 0.000000 0.000000 -0.000000 1.000000 0.000000 0.000000 0.000000 0.000000 1.000000
1.000000 -0.000000 0.000000 0.000000 0.000000 1.000000 0.000000 0.000000 0.000000 0.000000 1.000000 0.000000 0.000000 0.000000 0.000000 1.000000
1.000000 0.000000 0.000000 0.000000 0.000000 1.000000 0.000000 0.000000 -0.000000 0.000000 1.000000 0.000000 0.000000 0.000000 0.000000 1.000000
1.000000 -0.000000 -0.000000 0.000000 0.000000 1.000000 -0.000000 0.000000 0.000000 0.000000 1.000000 0.000000 0.000000 0.000000 0.000000 1.000000
1.000000 -0.000000 -0.000000 0.000000 -0.000000 1.000000 0.000000 0.000000 0.000000 0.000000 1.000000 0.000000 0.000000 0.000000 0.000000 1.000000
1.000000 -0.000000 0.000000 0.000000 -0.000000 1.000000 0.000000 0.000000 0.000000 -0.000000 1.000000 0.000000 0.000000 0.000000 0.000000 1.000000
1.000000 0.000000 0.000000 0.000000 -0.000000 1.000000 -0.000000 0.000000 0.000000 0.000000 1.000000 0.000000 0.000000 0.000000 0.000000 1.000000
1.000000 -0.000000 -0.000000 0.000000 -0.000000 1.000000 0.000000 0.000000 0.000000 0.000000 1.000000 0.000000 0.000000 0.000000 0.000000 1.000000
1.000000 -0.000000 0.000000 0.000000 -0.000000 1.000000 0.000000 0.000000 -0.000000 0.000000 1.000000 0.000000 0.000000 0.000000 0.000000 1.000000
1.000000 0.000000 0.000000 0.000000 0.000000 1.000000 -0.000000 0.000000 0.000000 0.000000 1.000000 0.000000 0.000000 0.000000 0.000000 1.000000
1.000000 -0.000000 0.000000 0.000000 -0.000000 1.000000 0.000000 0.000000 0.000000 -0.000000 1.000000 0.000000 0.000000 0.000000 0.000000 1.000000
1.000000 -0.000000 0.000000 0.000000 -0.000000 1.000000 -0.000000 0.000000 0.000000 0.000000 1.000000 0.000000 0.000000 0.000000 0.000000 1.000000
1.000000 0.000000 0.000000 0.000000 -0.000000 1.000000 0.000000 0.000000 0.000000 -0.000000 1.000000 0.000000 0.000000 0.000000 0.000000 1.000000
1.000000 -0.000000 0.000000 0.000000 0.000000 1.000000 0.000000 0.000000 0.000000 -0.000000 1.000000 0.000000 0.000000 0.000000 0.000000 1.000000
1.000000 -0.000000 0.000000 0.000000 -0.000000 1.000000 0.000000 0.000000 0.000000 0.000000 1.000000 0.000000 0.000000 0.000000 0.000000 1.000000
1.000000 0.000000 0.000000 0.000000 0.000000 1.000000 0.000000 0.000000 0.000000 -0.000000 1.000000 0.000000 0.000000 0.000000 0.000000 1.000000
1.000000 0.000000 0.000000 0.000000 -0.000000 1.000000 0.000000 0.000000 0.000000 0.000000 1.000000 0.000000 0.000000 0.000000 0.000000 1.000000
1.000000 0.000000 0.000000 0.000000 0.000000 1.000000 0.000000 0.000000 0.000000 0.000000 1.000000 0.000000 0.000000 0.000000 0.000000 1.000000
1.000000 0.000000 -0.000000 0.000000 -0.000000 1.000000 -0.000000 0.000000 -0.000000 -0.000000 1.000000 0.000000 0.000000 0.000000 0.000000 1.000000
1.000000 0.000000 0.000000 0.000000 0.000000 1.000000 0.000000 0.000000 0.000000 0.000000 1.000000 0.000000 0.000000 0.000000 0.000000 1.000000
1.000000 0.000000 0.000000 0.000000 -0.000000 1.000000 -0.000000 0.000000 -0.000000 0.000000 1.000000 0.000000 0.000000 0.000000 0.000000 1.000000
1.000000 0.000000 -0.000000 0.000000 -0.000000 1.000000 0.000000 0.000000 0.000000 -0.000000 1.000000 0.000000 0.000000 0.000000 0.000000 1.000000</float_array><technique_common><accessor source="#newVegas_Pelvis-Matrix-animation-output-transform-array" count="71" stride="16"><param type="float4x4"/></accessor></technique_common></source><source id="newVegas_Pelvis-Interpolations"><Name_array id="newVegas_Pelvis-Interpolations-array" count="71">
 LINEAR LINEAR LINEAR LINEAR LINEAR LINEAR LINEAR LINEAR LINEAR LINEAR LINEAR
LINEAR LINEAR LINEAR LINEAR LINEAR LINEAR LINEAR LINEAR LINEAR LINEAR LINEAR LINEAR
LINEAR LINEAR LINEAR LINEAR LINEAR LINEAR LINEAR LINEAR LINEAR LINEAR LINEAR LINEAR
LINEAR LINEAR LINEAR LINEAR LINEAR LINEAR LINEAR LINEAR LINEAR LINEAR LINEAR LINEAR
LINEAR LINEAR LINEAR LINEAR LINEAR LINEAR LINEAR LINEAR LINEAR LINEAR LINEAR LINEAR
LINEAR LINEAR LINEAR LINEAR LINEAR LINEAR LINEAR LINEAR LINEAR LINEAR LINEAR LINEAR</Name_array><technique_common><accessor source="#newVegas_Pelvis-Interpolations-array" count="71"><param type="name"/></accessor></technique_common></source><sampler id="newVegas_Pelvis-Matrix-animation-transform"><input semantic="INPUT" source="#newVegas_Pelvis-Matrix-animation-input"/><input semantic="OUTPUT" source="#newVegas_Pelvis-Matrix-animation-output-transform"/><input semantic="INTERPOLATION" source="#newVegas_Pelvis-Interpolations"/></sampler><channel source="#newVegas_Pelvis-Matrix-animation-transform" target="newVegas_Pelvis/matrix"/></animation>
    <animation id="newVegas_LeftUpLeg-anim" name="newVegas_LeftUpLeg"><source id="newVegas_LeftUpLeg-Matrix-animation-input"><float_array id="newVegas_LeftUpLeg-Matrix-animation-input-array" count="71">

0.000000 0.033333 0.066667 0.100000 0.133333 0.166667 0.200000 0.233333 0.266667 0.300000 0.333333 0.366667 0.400000 0.433333 0.466667 0.500000
0.533333 0.566667 0.600000 0.633333 0.666667 0.700000 0.733333 0.766667 0.800000 0.833333 0.866667 0.900000 0.933333 0.966667 1.000000 1.033333
1.066667 1.100000 1.133333 1.166667 1.200000 1.233333 1.266667 1.300000 1.333333 1.366667 1.400000 1.433333 1.466667 1.500000 1.533333 1.566667
1.600000 1.633333 1.666667 1.700000 1.733333 1.766667 1.800000 1.833333 1.866667 1.900000 1.933333 1.966667 2.000000 2.033333 2.066667 2.100000
2.133333 2.166667 2.200000 2.233333 2.266667 2.300000 2.333333</float_array><technique_common><accessor source="#newVegas_LeftUpLeg-Matrix-animation-input-array" count="71"><param name="TIME" type="float"/></accessor></technique_common></source><source id="newVegas_LeftUpLeg-Matrix-animation-output-transform"><float_array id="newVegas_LeftUpLeg-Matrix-animation-output-transform-array" count="1136">

0.986641 -0.161372 0.022333 18.735201 0.011758 0.207270 0.978213 -5.666700 -0.162485 -0.964883 0.206399 -4.541200 0.000000 0.000000 0.000000 1.000000
0.982306 -0.186627 -0.015672 18.735201 0.018936 0.015722 0.999697 -5.666700 -0.186324 -0.982305 0.018978 -4.541200 0.000000 0.000000 0.000000 1.000000
0.979836 -0.191929 -0.055533 18.735201 0.022602 -0.169684 0.985239 -5.666700 -0.198519 -0.966628 -0.161925 -4.541200 0.000000 0.000000 0.000000 1.000000
0.980389 -0.180253 -0.079660 18.735201 0.017116 -0.324812 0.945624 -5.666700 -0.196326 -0.928443 -0.315357 -4.541200 0.000000 0.000000 0.000000 1.000000
0.982509 -0.165486 -0.085380 18.735201 0.004426 -0.437623 0.899148 -5.666700 -0.186161 -0.883799 -0.429237 -4.541200 0.000000 0.000000 0.000000 1.000000
0.984390 -0.155776 -0.081909 18.735201 -0.009626 -0.512354 0.858720 -5.666700 -0.175735 -0.844528 -0.505856 -4.541200 0.000000 0.000000 0.000000 1.000000
0.984906 -0.152201 -0.082430 18.735201 -0.015827 -0.553425 0.832749 -5.666700 -0.172365 -0.818875 -0.547480 -4.541200 0.000000 0.000000 0.000000 1.000000
0.984771 -0.151572 -0.085158 18.735201 -0.013603 -0.555491 0.831411 -5.666700 -0.173323 -0.817592 -0.549093 -4.541200 0.000000 0.000000 0.000000 1.000000
0.985316 -0.153729 -0.074288 18.735201 -0.011996 -0.496358 0.868035 -5.666700 -0.170316 -0.854398 -0.490914 -4.541200 0.000000 0.000000 0.000000 1.000000
0.986341 -0.158533 -0.044701 18.735201 -0.016982 -0.367814 0.929744 -5.666700 -0.163837 -0.916286 -0.365482 -4.541200 0.000000 0.000000 0.000000 1.000000
0.986514 -0.163621 -0.004305 18.735201 -0.027800 -0.193417 0.980723 -5.666700 -0.161299 -0.967377 -0.195357 -4.541200 0.000000 0.000000 0.000000 1.000000
0.985236 -0.164805 0.046363 18.735201 -0.045456 0.009273 0.998923 -5.666700 -0.165057 -0.986283 0.001645 -4.541200 0.000000 0.000000 0.000000 1.000000
0.982523 -0.151487 0.108168 18.735201 -0.069680 0.239536 0.968384 -5.666700 -0.172608 -0.958997 0.224794 -4.541200 0.000000 0.000000 0.000000 1.000000
0.979093 -0.113309 0.168933 18.735201 -0.092655 0.490904 0.866273 -5.666700 -0.181086 -0.863814 0.470142 -4.541200 0.000000 0.000000 0.000000 1.000000
0.977348 -0.068070 0.200395 18.735201 -0.093653 0.710013 0.697933 -5.666700 -0.189791 -0.700891 0.687555 -4.541200 0.000000 0.000000 0.000000 1.000000
0.978372 -0.050954 0.200477 18.735201 -0.061828 0.852843 0.518494 -5.666700 -0.197395 -0.519675 0.831248 -4.541200 0.000000 0.000000 0.000000 1.000000
0.981044 -0.084896 0.174197 18.735201 -0.012299 0.869836 0.493188 -5.666700 -0.193392 -0.485982 0.852304 -4.541200 0.000000 0.000000 0.000000 1.000000
0.982315 -0.098328 0.159340 18.735201 -0.000239 0.850348 0.526221 -5.666700 -0.187237 -0.516953 0.835286 -4.541200 0.000000 0.000000 0.000000 1.000000
0.984195 -0.101457 0.145143 18.735201 -0.011810 0.780184 0.625438 -5.666700 -0.176694 -0.617268 0.766655 -4.541200 0.000000 0.000000 0.000000 1.000000
0.987754 -0.086121 0.130099 18.735201 -0.052477 0.601890 0.796853 -5.666700 -0.146931 -0.793922 0.590000 -4.541200 0.000000 0.000000 0.000000 1.000000
0.988931 -0.093890 0.114894 18.735201 -0.069750 0.389286 0.918472 -5.666700 -0.130962 -0.916320 0.378428 -4.541200 0.000000 0.000000 0.000000 1.000000
0.989329 -0.107844 0.097968 18.735201 -0.083720 0.129527 0.988035 -5.666700 -0.119243 -0.985694 0.119116 -4.541200 0.000000 0.000000 0.000000 1.000000
0.988895 -0.117455 0.091057 18.735201 -0.108838 -0.155146 0.981878 -5.666700 -0.101200 -0.980884 -0.166207 -4.541200 0.000000 0.000000 0.000000 1.000000
0.988201 -0.132536 0.076772 18.735201 -0.126836 -0.427123 0.895253 -5.666700 -0.085862 -0.894427 -0.438894 -4.541200 0.000000 0.000000 0.000000 1.000000
0.987911 -0.144785 0.055392 18.735201 -0.133258 -0.610594 0.780652 -5.666700 -0.079205 -0.778596 -0.622506 -4.541200 0.000000 0.000000 0.000000 1.000000
0.988947 -0.142964 0.039302 18.735201 -0.124356 -0.655440 0.744939 -5.666700 -0.080739 -0.741593 -0.665974 -4.541200 0.000000 0.000000 0.000000 1.000000
0.991423 -0.127913 0.026825 18.735201 -0.095407 -0.568042 0.817451 -5.666700 -0.089325 -0.812998 -0.575374 -4.541200 0.000000 0.000000 0.000000 1.000000
0.993331 -0.114414 0.014280 18.735201 -0.057922 -0.388080 0.919804 -5.666700 -0.099697 -0.914496 -0.392119 -4.541200 0.000000 0.000000 0.000000 1.000000
0.993801 -0.110377 0.013294 18.735201 -0.031565 -0.165477 0.985708 -5.666700 -0.106600 -0.980018 -0.167935 -4.541200 0.000000 0.000000 0.000000 1.000000
0.992738 -0.116533 0.029848 18.735201 -0.021850 0.069318 0.997355 -5.666700 -0.118293 -0.990765 0.066269 -4.541200 0.000000 0.000000 0.000000 1.000000
0.989620 -0.131860 0.057147 18.735201 -0.017274 0.285629 0.958185 -5.666700 -0.142669 -0.949226 0.280386 -4.541200 0.000000 0.000000 0.000000 1.000000
0.984898 -0.154832 0.077483 18.735201 -0.001245 0.441179 0.897418 -5.666700 -0.173133 -0.883962 0.434323 -4.541200 0.000000 0.000000 0.000000 1.000000
0.981542 -0.169285 0.088985 18.735201 0.011556 0.516935 0.855946 -5.666700 -0.190898 -0.839119 0.509350 -4.541200 0.000000 0.000000 0.000000 1.000000
0.982027 -0.164003 0.093417 18.735201 0.000926 0.499125 0.866529 -5.666700 -0.188740 -0.850868 0.490306 -4.541200 0.000000 0.000000 0.000000 1.000000
0.984680 -0.148251 0.091796 18.735201 -0.029553 0.376941 0.925766 -5.666700 -0.171847 -0.914296 0.366785 -4.541200 0.000000 0.000000 0.000000 1.000000
0.986070 -0.138695 0.091817 18.735201 -0.066857 0.174960 0.982303 -5.666700 -0.152305 -0.974758 0.163250 -4.541200 0.000000 0.000000 0.000000 1.000000
0.985434 -0.145102 0.088681 18.735201 -0.098660 -0.063072 0.993120 -5.666700 -0.138511 -0.987404 -0.076469 -4.541200 0.000000 0.000000 0.000000 1.000000
0.984309 -0.148369 0.095513 18.735201 -0.129403 -0.238953 0.962370 -5.666700 -0.119962 -0.959629 -0.254403 -4.541200 0.000000 0.000000 0.000000 1.000000
0.983494 -0.129680 0.126188 18.735201 -0.161994 -0.320350 0.933346 -5.666700 -0.080612 -0.938381 -0.336069 -4.541200 0.000000 0.000000 0.000000 1.000000
0.984737 -0.095887 0.145251 18.735201 -0.170712 -0.369542 0.913398 -5.666700 -0.033907 -0.924253 -0.380271 -4.541200 0.000000 0.000000 0.000000 1.000000
0.989341 -0.069074 0.128193 18.735201 -0.145348 -0.414789 0.898234 -5.666700 -0.008872 -0.907292 -0.420408 -4.541200 0.000000 0.000000 0.000000 1.000000
0.991641 -0.049134 0.119304 18.735201 -0.128724 -0.439900 0.888773 -5.666700 0.008813 -0.896701 -0.442548 -4.541200 0.000000 0.000000 0.000000 1.000000
0.993617 -0.044503 0.103657 18.735201 -0.112591 -0.448065 0.886883 -5.666700 0.006976 -0.892893 -0.450216 -4.541200 0.000000 0.000000 0.000000 1.000000
0.995256 -0.046539 0.085443 18.735201 -0.097210 -0.438904 0.893260 -5.666700 -0.004070 -0.897328 -0.441346 -4.541200 0.000000 0.000000 0.000000 1.000000
0.996461 -0.049990 0.067579 18.735201 -0.082147 -0.408614 0.909003 -5.666700 -0.017828 -0.911337 -0.411275 -4.541200 0.000000 0.000000 0.000000 1.000000
0.997090 -0.057474 0.050089 18.735201 -0.067394 -0.357349 0.931536 -5.666700 -0.035640 -0.932201 -0.360183 -4.541200 0.000000 0.000000 0.000000 1.000000
0.996803 -0.072560 0.033438 18.735201 -0.053221 -0.290909 0.955269 -5.666700 -0.059587 -0.953995 -0.293841 -4.541200 0.000000 0.000000 0.000000 1.000000
0.995306 -0.094429 0.021202 18.735201 -0.040707 -0.209713 0.976915 -5.666700 -0.087803 -0.973192 -0.212572 -4.541200 0.000000 0.000000 0.000000 1.000000
0.992849 -0.117751 0.019617 18.735201 -0.031951 -0.103791 0.994086 -5.666700 -0.115019 -0.987604 -0.106811 -4.541200 0.000000 0.000000 0.000000 1.000000
0.990209 -0.135912 0.031849 18.735201 -0.026901 0.038087 0.998912 -5.666700 -0.136977 -0.989989 0.034058 -4.541200 0.000000 0.000000 0.000000 1.000000
0.988176 -0.143629 0.053654 18.735201 -0.022958 0.207382 0.977991 -5.666700 -0.151595 -0.967659 0.201632 -4.541200 0.000000 0.000000 0.000000 1.000000
0.987180 -0.140868 0.075050 18.735201 -0.017346 0.372735 0.927776 -5.666700 -0.158667 -0.917183 0.365513 -4.541200 0.000000 0.000000 0.000000 1.000000
0.987162 -0.131547 0.090589 18.735201 -0.010713 0.511358 0.859301 -5.666700 -0.159362 -0.849240 0.503384 -4.541200 0.000000 0.000000 0.000000 1.000000
0.986936 -0.127313 0.098736 18.735201 0.003074 0.627604 0.778527 -5.666700 -0.161084 -0.768052 0.619796 -4.541200 0.000000 0.000000 0.000000 1.000000
0.986269 -0.122701 0.110534 18.735201 0.015383 0.734656 0.678266 -5.666700 -0.164428 -0.667252 0.726456 -4.541200 0.000000 0.000000 0.000000 1.000000
0.984961 -0.117946 0.126252 18.735201 0.024873 0.819921 0.571936 -5.666700 -0.170974 -0.560195 0.810524 -4.541200 0.000000 0.000000 0.000000 1.000000
0.981960 -0.120901 0.145391 18.735201 0.038222 0.879931 0.473562 -5.666700 -0.185188 -0.459462 0.868677 -4.541200 0.000000 0.000000 0.000000 1.000000
0.977331 -0.134251 0.163707 18.735201 0.056574 0.910728 0.409113 -5.666700 -0.204017 -0.390577 0.897678 -4.541200 0.000000 0.000000 0.000000 1.000000
0.972490 -0.147945 0.179931 18.735201 0.070810 0.923618 0.376716 -5.666700 -0.221921 -0.353612 0.908686 -4.541200 0.000000 0.000000 0.000000 1.000000
0.968483 -0.152733 0.196757 18.735201 0.077447 0.935431 0.344920 -5.666700 -0.236733 -0.318811 0.917778 -4.541200 0.000000 0.000000 0.000000 1.000000
0.965594 -0.155642 0.208334 18.735201 0.085341 0.946407 0.311499 -5.666700 -0.245651 -0.283002 0.927128 -4.541200 0.000000 0.000000 0.000000 1.000000
0.963940 -0.159480 0.213039 18.735201 0.095898 0.954923 0.280938 -5.666700 -0.248240 -0.250377 0.935782 -4.541200 0.000000 0.000000 0.000000 1.000000
0.963431 -0.158586 0.215989 18.735201 0.101070 0.961591 0.255203 -5.666700 -0.248164 -0.224041 0.942454 -4.541200 0.000000 0.000000 0.000000 1.000000
0.963560 -0.152333 0.219879 18.735201 0.098051 0.965928 0.239518 -5.666700 -0.248874 -0.209231 0.945666 -4.541200 0.000000 0.000000 0.000000 1.000000
0.963619 -0.147264 0.223052 18.735201 0.093255 0.967323 0.235775 -5.666700 -0.250485 -0.206397 0.945864 -4.541200 0.000000 0.000000 0.000000 1.000000
0.963427 -0.144002 0.225991 18.735201 0.089317 0.967680 0.235836 -5.666700 -0.252648 -0.207026 0.945150 -4.541200 0.000000 0.000000 0.000000 1.000000
0.962913 -0.143893 0.228239 18.735201 0.088170 0.967291 0.237852 -5.666700 -0.254999 -0.208907 0.944105 -4.541200 0.000000 0.000000 0.000000 1.000000
0.962261 -0.144846 0.230379 18.735201 0.087699 0.966470 0.241340 -5.666700 -0.257611 -0.212028 0.942699 -4.541200 0.000000 0.000000 0.000000 1.000000
0.961646 -0.146080 0.232159 18.735201 0.087385 0.965446 0.245516 -5.666700 -0.260002 -0.215812 0.941182 -4.541200 0.000000 0.000000 0.000000 1.000000
0.961377 -0.146054 0.233286 18.735201 0.086080 0.964622 0.249187 -5.666700 -0.261428 -0.219482 0.939938 -4.541200 0.000000 0.000000 0.000000 1.000000
0.961448 -0.145394 0.233407 18.735201 0.084764 0.964156 0.251433 -5.666700 -0.261597 -0.221956 0.939310 -4.541200 0.000000 0.000000 0.000000 1.000000</float_array><technique_common><accessor source="#newVegas_LeftUpLeg-Matrix-animation-output-transform-array" count="71" stride="16"><param type="float4x4"/></accessor></technique_common></source><source id="newVegas_LeftUpLeg-Interpolations"><Name_array id="newVegas_LeftUpLeg-Interpolations-array" count="71">
 LINEAR LINEAR LINEAR LINEAR LINEAR LINEAR LINEAR LINEAR LINEAR LINEAR LINEAR
LINEAR LINEAR LINEAR LINEAR LINEAR LINEAR LINEAR LINEAR LINEAR LINEAR LINEAR LINEAR
LINEAR LINEAR LINEAR LINEAR LINEAR LINEAR LINEAR LINEAR LINEAR LINEAR LINEAR LINEAR
LINEAR LINEAR LINEAR LINEAR LINEAR LINEAR LINEAR LINEAR LINEAR LINEAR LINEAR LINEAR
LINEAR LINEAR LINEAR LINEAR LINEAR LINEAR LINEAR LINEAR LINEAR LINEAR LINEAR LINEAR
LINEAR LINEAR LINEAR LINEAR LINEAR LINEAR LINEAR LINEAR LINEAR LINEAR LINEAR LINEAR</Name_array><technique_common><accessor source="#newVegas_LeftUpLeg-Interpolations-array" count="71"><param type="name"/></accessor></technique_common></source><sampler id="newVegas_LeftUpLeg-Matrix-animation-transform"><input semantic="INPUT" source="#newVegas_LeftUpLeg-Matrix-animation-input"/><input semantic="OUTPUT" source="#newVegas_LeftUpLeg-Matrix-animation-output-transform"/><input semantic="INTERPOLATION" source="#newVegas_LeftUpLeg-Interpolations"/></sampler><channel source="#newVegas_LeftUpLeg-Matrix-animation-transform" target="newVegas_LeftUpLeg/matrix"/></animation>
    <animation id="newVegas_LeftLeg-anim" name="newVegas_LeftLeg"><source id="newVegas_LeftLeg-Matrix-animation-input"><float_array id="newVegas_LeftLeg-Matrix-animation-input-array" count="71">

