<?xml version="1.0" encoding="utf-8"?>
<COLLADA xmlns="http://www.collada.org/2005/11/COLLADASchema" version="1.4.1">
  <asset><contributor><author>Mixamo</author><authoring_tool>COLLADA Mixamo exporter</authoring_tool><comments></comments></contributor><created>2021-07-21T15:12:55Z</created><modified>2021-07-21T15:12:55Z</modified><revision></revision><title></title><unit meter="0.010000"/><up_axis>Y_UP</up_axis></asset>
  <library_animations>
    <animation id="newVegas_Hips-anim" name="newVegas_Hips"><source id="newVegas_Hips-Matrix-animation-input"><float_array id="newVegas_Hips-Matrix-animation-input-array" count="104">

0.000000 0.033333 0.066667 0.100000 0.133333 0.166667 0.200000 0.233333 0.266667 0.300000 0.333333 0.366667 0.400000 0.433333 0.466667 0.500000
0.533333 0.566667 0.600000 0.633333 0.666667 0.700000 0.733333 0.766667 0.800000 0.833333 0.866667 0.900000 0.933333 0.966667 1.000000 1.033333
1.066667 1.100000 1.133333 1.166667 1.200000 1.233333 1.266667 1.300000 1.333333 1.366667 1.400000 1.433333 1.466667 1.500000 1.533333 1.566667
1.600000 1.633333 1.666667 1.700000 1.733333 1.766667 1.800000 1.833333 1.866667 1.900000 1.933333 1.966667 2.000000 2.033333 2.066667 2.100000
2.133333 2.166667 2.200000 2.233333 2.266667 2.300000 2.333333 2.366667 2.400000 2.433333 2.466667 2.500000 2.533333 2.566667 2.600000 2.633333
2.666667 2.700000 2.733333 2.766667 2.800000 2.833333 2.866667 2.900000 2.933333 2.966667 3.000000 3.033333 3.066667 3.100000 3.133333 3.166667
3.200000 3.233333 3.266667 3.300000 3.333333 3.366667 3.400000 3.433333</float_array><technique_common><accessor source="#newVegas_Hips-Matrix-animation-input-array" count="104"><param name="TIME" type="float"/></accessor></technique_common></source><source id="newVegas_Hips-Matrix-animation-output-transform"><float_array id="newVegas_Hips-Matrix-animation-output-transform-array" count="1664">

0.998016 0.054791 -0.031008 -0.592296 -0.047188 0.977061 0.207668 72.130821 0.041675 -0.205793 0.977708 7.429455 0.000000 0.000000 0.000000 1.000000
0.997997 0.055159 -0.030971 -0.587060 -0.047548 0.977003 0.207855 72.128075 0.041724 -0.205966 0.977669 7.428947 0.000000 0.000000 0.000000 1.000000
0.997982 0.055472 -0.030889 -0.582759 -0.047864 0.976950 0.208035 72.124878 0.041717 -0.206137 0.977633 7.429566 0.000000 0.000000 0.000000 1.000000
0.997969 0.055763 -0.030789 -0.578793 -0.048163 0.976899 0.208202 72.121025 0.041688 -0.206296 0.977601 7.430896 0.000000 0.000000 0.000000 1.000000
0.997956 0.056047 -0.030698 -0.574518 -0.048453 0.976854 0.208345 72.117676 0.041664 -0.206432 0.977574 7.431635 0.000000 0.000000 0.000000 1.000000
0.997944 0.056319 -0.030605 -0.569914 -0.048733 0.976815 0.208465 72.116325 0.041636 -0.206545 0.977551 7.430904 0.000000 0.000000 0.000000 1.000000
0.997932 0.056585 -0.030478 -0.566252 -0.049015 0.976778 0.208572 72.117378 0.041573 -0.206647 0.977532 7.428708 0.000000 0.000000 0.000000 1.000000
0.997924 0.056848 -0.030272 -0.565653 -0.049311 0.976743 0.208664 72.120148 0.041430 -0.206738 0.977519 7.426421 0.000000 0.000000 0.000000 1.000000
0.997923 0.057067 -0.029891 -0.570424 -0.049604 0.976725 0.208680 72.124374 0.041104 -0.206764 0.977527 7.425595 0.000000 0.000000 0.000000 1.000000
0.997939 0.057162 -0.029176 -0.580998 -0.049852 0.976749 0.208508 72.130661 0.040416 -0.206624 0.977585 7.427266 0.000000 0.000000 0.000000 1.000000
0.997974 0.057128 -0.028023 -0.596727 -0.050084 0.976879 0.207844 72.138451 0.039249 -0.206019 0.977760 7.431345 0.000000 0.000000 0.000000 1.000000
0.998015 0.057076 -0.026602 -0.616325 -0.050378 0.977142 0.206530 72.145859 0.037781 -0.204780 0.978079 7.435418 0.000000 0.000000 0.000000 1.000000
0.998045 0.057144 -0.025318 -0.637373 -0.050768 0.977465 0.204902 72.150948 0.036456 -0.203216 0.978455 7.436208 0.000000 0.000000 0.000000 1.000000
0.998052 0.057378 -0.024481 -0.654684 -0.051209 0.977687 0.203731 72.153038 0.035624 -0.202080 0.978721 7.431631 0.000000 0.000000 0.000000 1.000000
0.998043 0.057740 -0.023985 -0.661749 -0.051667 0.977678 0.203656 72.153450 0.035209 -0.202019 0.978749 7.422891 0.000000 0.000000 0.000000 1.000000
0.998031 0.058200 -0.023374 -0.654435 -0.052205 0.977432 0.204698 72.154465 0.034760 -0.203075 0.978546 7.415137 0.000000 0.000000 0.000000 1.000000
0.998023 0.058780 -0.022245 -0.633455 -0.052944 0.977039 0.206377 72.158600 0.033865 -0.204791 0.978220 7.414050 0.000000 0.000000 0.000000 1.000000
0.998015 0.059515 -0.020603 -0.602946 -0.053939 0.976594 0.208216 72.166878 0.032513 -0.206691 0.977866 7.421360 0.000000 0.000000 0.000000 1.000000
0.997998 0.060385 -0.018798 -0.567763 -0.055107 0.976147 0.209999 72.178238 0.031030 -0.208543 0.977521 7.432539 0.000000 0.000000 0.000000 1.000000
0.997973 0.061311 -0.017071 -0.531235 -0.056326 0.975736 0.211583 72.189705 0.029629 -0.210192 0.977211 7.440858 0.000000 0.000000 0.000000 1.000000
0.997945 0.062244 -0.015218 -0.495291 -0.057595 0.975418 0.212703 72.199051 0.028084 -0.211389 0.976998 7.442890 0.000000 0.000000 0.000000 1.000000
0.997915 0.063243 -0.012887 -0.462255 -0.059053 0.975234 0.213149 72.206688 0.026048 -0.211943 0.976935 7.439535 0.000000 0.000000 0.000000 1.000000
0.997869 0.064444 -0.010200 -0.435334 -0.060798 0.975137 0.213102 72.214470 0.023680 -0.212027 0.976977 7.433321 0.000000 0.000000 0.000000 1.000000
0.997794 0.065916 -0.007850 -0.416432 -0.062734 0.975014 0.213101 72.223000 0.021701 -0.212138 0.976999 7.425115 0.000000 0.000000 0.000000 1.000000
0.997695 0.067554 -0.006428 -0.404162 -0.064626 0.974785 0.213583 72.230087 0.020694 -0.212675 0.976904 7.414575 0.000000 0.000000 0.000000 1.000000
0.997592 0.069112 -0.005819 -0.394615 -0.066259 0.974472 0.214507 72.233368 0.020496 -0.213605 0.976705 7.401996 0.000000 0.000000 0.000000 1.000000
0.997509 0.070332 -0.005397 -0.384654 -0.067520 0.974169 0.215491 72.232574 0.020414 -0.214590 0.976491 7.389300 0.000000 0.000000 0.000000 1.000000
0.997460 0.071082 -0.004670 -0.374556 -0.068393 0.973941 0.216242 72.230118 0.019919 -0.215373 0.976329 7.378245 0.000000 0.000000 0.000000 1.000000
0.997441 0.071401 -0.003586 -0.366475 -0.068928 0.973790 0.216754 72.228577 0.018969 -0.215952 0.976220 7.369382 0.000000 0.000000 0.000000 1.000000
0.997443 0.071435 -0.002277 -0.361357 -0.069238 0.973685 0.217125 72.229156 0.017728 -0.216412 0.976141 7.362632 0.000000 0.000000 0.000000 1.000000
0.997452 0.071341 -0.000728 -0.358071 -0.069479 0.973635 0.217274 72.232826 0.016210 -0.216669 0.976110 7.359549 0.000000 0.000000 0.000000 1.000000
0.997456 0.071270 0.001178 -0.354481 -0.069827 0.973677 0.216971 72.241783 0.014317 -0.216501 0.976177 7.363724 0.000000 0.000000 0.000000 1.000000
0.997444 0.071370 0.003353 -0.349824 -0.070406 0.973825 0.216119 72.257584 0.012159 -0.215802 0.976361 7.377865 0.000000 0.000000 0.000000 1.000000
0.997410 0.071730 0.005381 -0.344967 -0.071208 0.974026 0.214949 72.276573 0.010177 -0.214775 0.976610 7.398642 0.000000 0.000000 0.000000 1.000000
0.997360 0.072294 0.006783 -0.340477 -0.072070 0.974194 0.213898 72.287781 0.008856 -0.213822 0.976832 7.416379 0.000000 0.000000 0.000000 1.000000
0.997314 0.072867 0.007400 -0.333905 -0.072766 0.974273 0.213299 72.280945 0.008333 -0.213264 0.976959 7.421398 0.000000 0.000000 0.000000 1.000000
0.997285 0.073259 0.007495 -0.320475 -0.073171 0.974265 0.213201 72.258224 0.008317 -0.213170 0.976980 7.412115 0.000000 0.000000 0.000000 1.000000
0.997272 0.073441 0.007478 -0.297896 -0.073342 0.974198 0.213447 72.236504 0.008391 -0.213413 0.976926 7.395753 0.000000 0.000000 0.000000 1.000000
0.997263 0.073550 0.007558 -0.270817 -0.073463 0.974104 0.213831 72.232689 0.008365 -0.213801 0.976841 7.382034 0.000000 0.000000 0.000000 1.000000
0.997247 0.073753 0.007672 -0.248049 -0.073682 0.974009 0.214192 72.248070 0.008325 -0.214167 0.976762 7.375409 0.000000 0.000000 0.000000 1.000000
0.997223 0.074074 0.007684 -0.234932 -0.073997 0.973930 0.214441 72.268425 0.008401 -0.214414 0.976707 7.374085 0.000000 0.000000 0.000000 1.000000
0.997201 0.074382 0.007584 -0.229526 -0.074274 0.973873 0.214603 72.278610 0.008577 -0.214566 0.976672 7.374290 0.000000 0.000000 0.000000 1.000000
0.997192 0.074511 0.007473 -0.226203 -0.074375 0.973827 0.214778 72.275459 0.008726 -0.214731 0.976634 7.374281 0.000000 0.000000 0.000000 1.000000
0.997200 0.074409 0.007421 -0.222308 -0.074262 0.973779 0.215036 72.266396 0.008775 -0.214985 0.976578 7.374979 0.000000 0.000000 0.000000 1.000000
0.997219 0.074158 0.007395 -0.220155 -0.074008 0.973730 0.215343 72.260750 0.008769 -0.215292 0.976510 7.377635 0.000000 0.000000 0.000000 1.000000
0.997239 0.073891 0.007343 -0.224119 -0.073734 0.973693 0.215606 72.262566 0.008781 -0.215552 0.976453 7.381773 0.000000 0.000000 0.000000 1.000000
0.997254 0.073701 0.007269 -0.235798 -0.073531 0.973676 0.215748 72.269341 0.008823 -0.215690 0.976422 7.385533 0.000000 0.000000 0.000000 1.000000
0.997262 0.073598 0.007190 -0.253200 -0.073413 0.973682 0.215763 72.275124 0.008879 -0.215700 0.976419 7.387012 0.000000 0.000000 0.000000 1.000000
0.997269 0.073520 0.007067 -0.271867 -0.073311 0.973699 0.215721 72.275696 0.008979 -0.215650 0.976429 7.385602 0.000000 0.000000 0.000000 1.000000
0.997280 0.073386 0.006834 -0.288221 -0.073130 0.973708 0.215744 72.271301 0.009178 -0.215657 0.976426 7.382366 0.000000 0.000000 0.000000 1.000000
0.997299 0.073165 0.006486 -0.300876 -0.072837 0.973690 0.215924 72.265945 0.009483 -0.215813 0.976389 7.378592 0.000000 0.000000 0.000000 1.000000
0.997321 0.072900 0.006083 -0.310064 -0.072488 0.973640 0.216263 72.263725 0.009843 -0.216125 0.976316 7.375035 0.000000 0.000000 0.000000 1.000000
0.997339 0.072674 0.005708 -0.316256 -0.072182 0.973567 0.216698 72.265961 0.010191 -0.216533 0.976222 7.371752 0.000000 0.000000 0.000000 1.000000
0.997350 0.072547 0.005418 -0.319352 -0.071990 0.973482 0.217140 72.271027 0.010479 -0.216955 0.976125 7.369339 0.000000 0.000000 0.000000 1.000000
0.997352 0.072541 0.005200 -0.319479 -0.071933 0.973400 0.217528 72.275620 0.010719 -0.217326 0.976040 7.368899 0.000000 0.000000 0.000000 1.000000
0.997345 0.072656 0.004915 -0.317958 -0.071980 0.973327 0.217837 72.277374 0.011043 -0.217612 0.975973 7.371353 0.000000 0.000000 0.000000 1.000000
0.997333 0.072860 0.004361 -0.316604 -0.072056 0.973272 0.218057 72.275108 0.011644 -0.217790 0.975926 7.376348 0.000000 0.000000 0.000000 1.000000
0.997319 0.073090 0.003463 -0.316212 -0.072084 0.973257 0.218116 72.268623 0.012572 -0.217781 0.975917 7.382279 0.000000 0.000000 0.000000 1.000000
0.997310 0.073264 0.002413 -0.316707 -0.072029 0.973315 0.217874 72.257294 0.013614 -0.217462 0.975974 7.387263 0.000000 0.000000 0.000000 1.000000
0.997306 0.073343 0.001529 -0.319172 -0.071923 0.973460 0.217260 72.240410 0.014447 -0.216784 0.976113 7.388950 0.000000 0.000000 0.000000 1.000000
0.997307 0.073329 0.000923 -0.326130 -0.071790 0.973651 0.216450 72.218933 0.014973 -0.215934 0.976293 7.384509 0.000000 0.000000 0.000000 1.000000
0.997319 0.073182 0.000355 -0.338118 -0.071533 0.973811 0.215812 72.197594 0.015448 -0.215259 0.976435 7.373384 0.000000 0.000000 0.000000 1.000000
0.997348 0.072777 -0.000549 -0.351851 -0.070948 0.973906 0.215576 72.182396 0.016223 -0.214966 0.976487 7.359622 0.000000 0.000000 0.000000 1.000000
0.997398 0.072061 -0.001918 -0.363534 -0.069953 0.973967 0.215627 72.174911 0.017406 -0.214932 0.976474 7.349717 0.000000 0.000000 0.000000 1.000000
0.997454 0.071223 -0.003518 -0.373165 -0.068791 0.974043 0.215657 72.169838 0.018787 -0.214866 0.976463 7.347530 0.000000 0.000000 0.000000 1.000000
0.997494 0.070578 -0.004965 -0.383630 -0.067854 0.974152 0.215463 72.160698 0.020044 -0.214586 0.976499 7.351307 0.000000 0.000000 0.000000 1.000000
0.997512 0.070244 -0.006027 -0.395680 -0.067308 0.974276 0.215070 72.147194 0.020979 -0.214129 0.976580 7.357664 0.000000 0.000000 0.000000 1.000000
0.997519 0.070064 -0.006786 -0.407129 -0.066979 0.974395 0.214636 72.135216 0.021651 -0.213649 0.976671 7.364918 0.000000 0.000000 0.000000 1.000000
0.997529 0.069846 -0.007575 -0.416439 -0.066607 0.974506 0.214244 72.129692 0.022346 -0.213210 0.976751 7.372820 0.000000 0.000000 0.000000 1.000000
0.997538 0.069583 -0.008721 -0.425152 -0.066116 0.974637 0.213803 72.129211 0.023377 -0.212700 0.976838 7.380543 0.000000 0.000000 0.000000 1.000000
0.997538 0.069367 -0.010319 -0.434395 -0.065581 0.974807 0.213193 72.129204 0.024847 -0.211991 0.976956 7.387018 0.000000 0.000000 0.000000 1.000000
0.997527 0.069220 -0.012162 -0.442381 -0.065066 0.974996 0.212482 72.127754 0.026566 -0.211165 0.977089 7.392088 0.000000 0.000000 0.000000 1.000000
0.997514 0.069088 -0.013887 -0.446173 -0.064590 0.975156 0.211894 72.126961 0.028181 -0.210471 0.977194 7.396461 0.000000 0.000000 0.000000 1.000000
0.997504 0.068948 -0.015231 -0.446220 -0.064179 0.975249 0.211591 72.128181 0.029443 -0.210086 0.977240 7.400343 0.000000 0.000000 0.000000 1.000000
0.997500 0.068779 -0.016244 -0.446659 -0.063801 0.975272 0.211599 72.128777 0.030395 -0.210034 0.977222 7.402755 0.000000 0.000000 0.000000 1.000000
0.997504 0.068489 -0.017181 -0.451092 -0.063310 0.975234 0.211920 72.126305 0.031269 -0.210303 0.977136 7.401444 0.000000 0.000000 0.000000 1.000000
0.997522 0.067970 -0.018146 -0.458609 -0.062577 0.975138 0.212581 72.121361 0.032144 -0.210919 0.976975 7.394573 0.000000 0.000000 0.000000 1.000000
0.997556 0.067245 -0.018958 -0.466234 -0.061666 0.974996 0.213493 72.116402 0.032840 -0.211802 0.976761 7.381985 0.000000 0.000000 0.000000 1.000000
0.997596 0.066483 -0.019536 -0.476001 -0.060772 0.974872 0.214315 72.111107 0.033293 -0.212612 0.976569 7.365727 0.000000 0.000000 0.000000 1.000000
0.997626 0.065814 -0.020287 -0.496464 -0.059947 0.974854 0.214628 72.102394 0.033903 -0.212903 0.976485 7.348841 0.000000 0.000000 0.000000 1.000000
0.997640 0.065138 -0.021732 -0.532940 -0.058989 0.974973 0.214355 72.089020 0.035151 -0.212567 0.976514 7.334081 0.000000 0.000000 0.000000 1.000000
0.997656 0.064202 -0.023687 -0.577205 -0.057676 0.975155 0.213884 72.075516 0.036831 -0.212016 0.976572 7.323947 0.000000 0.000000 0.000000 1.000000
0.997702 0.062889 -0.025212 -0.612239 -0.056078 0.975301 0.213643 72.068062 0.038025 -0.211738 0.976586 7.321210 0.000000 0.000000 0.000000 1.000000
0.997789 0.061357 -0.025559 -0.628407 -0.054508 0.975395 0.213622 72.067688 0.038037 -0.211757 0.976582 7.327239 0.000000 0.000000 0.000000 1.000000
0.997894 0.059854 -0.024993 -0.630466 -0.053166 0.975511 0.213429 72.070068 0.037155 -0.211651 0.976639 7.340418 0.000000 0.000000 0.000000 1.000000
0.997987 0.058494 -0.024483 -0.629167 -0.051970 0.975725 0.212746 72.071869 0.036333 -0.211045 0.976801 7.357322 0.000000 0.000000 0.000000 1.000000
0.998053 0.057276 -0.024691 -0.629894 -0.050779 0.976043 0.211569 72.074493 0.036217 -0.209903 0.977051 7.375551 0.000000 0.000000 0.000000 1.000000
0.998096 0.056225 -0.025341 -0.631110 -0.049673 0.976434 0.210022 72.079720 0.036553 -0.208364 0.977368 7.394861 0.000000 0.000000 0.000000 1.000000
0.998133 0.055439 -0.025631 -0.630187 -0.048912 0.976867 0.208179 72.086014 0.036579 -0.206536 0.977755 7.415537 0.000000 0.000000 0.000000 1.000000
0.998171 0.054961 -0.025194 -0.626863 -0.048608 0.977309 0.206166 72.091095 0.035953 -0.204564 0.978193 7.436916 0.000000 0.000000 0.000000 1.000000
0.998202 0.054678 -0.024538 -0.621865 -0.048531 0.977690 0.204372 72.095657 0.035166 -0.202813 0.978586 7.456935 0.000000 0.000000 0.000000 1.000000
0.998219 0.054405 -0.024469 -0.614909 -0.048315 0.977924 0.203299 72.102646 0.034990 -0.201755 0.978811 7.472917 0.000000 0.000000 0.000000 1.000000
0.998220 0.054041 -0.025238 -0.605499 -0.047809 0.977981 0.203145 72.112053 0.035661 -0.201576 0.978823 7.482774 0.000000 0.000000 0.000000 1.000000
0.998211 0.053638 -0.026397 -0.594940 -0.047162 0.977912 0.203625 72.120117 0.036736 -0.202016 0.978693 7.486386 0.000000 0.000000 0.000000 1.000000
0.998203 0.053308 -0.027352 -0.586859 -0.046622 0.977805 0.204262 72.123985 0.037634 -0.202620 0.978534 7.484489 0.000000 0.000000 0.000000 1.000000
0.998198 0.053129 -0.027890 -0.584431 -0.046318 0.977715 0.204762 72.123978 0.038147 -0.203101 0.978414 7.478180 0.000000 0.000000 0.000000 1.000000
0.998191 0.053091 -0.028209 -0.587884 -0.046202 0.977645 0.205126 72.122841 0.038468 -0.203451 0.978329 7.468273 0.000000 0.000000 0.000000 1.000000
0.998178 0.053127 -0.028618 -0.594611 -0.046139 0.977573 0.205478 72.123451 0.038893 -0.203783 0.978243 7.456477 0.000000 0.000000 0.000000 1.000000
0.998156 0.053192 -0.029240 -0.601149 -0.046059 0.977489 0.205896 72.126755 0.039534 -0.204169 0.978137 7.445446 0.000000 0.000000 0.000000 1.000000
0.998129 0.053314 -0.029945 -0.605124 -0.046015 0.977393 0.206361 72.131554 0.040270 -0.204597 0.978018 7.437749 0.000000 0.000000 0.000000 1.000000
0.998098 0.053557 -0.030516 -0.605664 -0.046117 0.977293 0.206812 72.135124 0.040899 -0.205011 0.977905 7.433666 0.000000 0.000000 0.000000 1.000000
0.998068 0.053928 -0.030847 -0.602985 -0.046397 0.977201 0.207186 72.135567 0.041317 -0.205354 0.977815 7.431759 0.000000 0.000000 0.000000 1.000000
0.998040 0.054366 -0.030983 -0.598023 -0.046786 0.977124 0.207460 72.133614 0.041553 -0.205604 0.977753 7.430515 0.000000 0.000000 0.000000 1.000000
0.998016 0.054791 -0.031008 -0.592296 -0.047188 0.977061 0.207668 72.130821 0.041675 -0.205793 0.977708 7.429455 0.000000 0.000000 0.000000 1.000000</float_array><technique_common><accessor source="#newVegas_Hips-Matrix-animation-output-transform-array" count="104" stride="16"><param type="float4x4"/></accessor></technique_common></source><source id="newVegas_Hips-Interpolations"><Name_array id="newVegas_Hips-Interpolations-array" count="104">
 LINEAR LINEAR LINEAR LINEAR LINEAR LINEAR LINEAR LINEAR LINEAR LINEAR LINEAR
LINEAR LINEAR LINEAR LINEAR LINEAR LINEAR LINEAR LINEAR LINEAR LINEAR LINEAR LINEAR
LINEAR LINEAR LINEAR LINEAR LINEAR LINEAR LINEAR LINEAR LINEAR LINEAR LINEAR LINEAR
LINEAR LINEAR LINEAR LINEAR LINEAR LINEAR LINEAR LINEAR LINEAR LINEAR LINEAR LINEAR
LINEAR LINEAR LINEAR LINEAR LINEAR LINEAR LINEAR LINEAR LINEAR LINEAR LINEAR LINEAR
LINEAR LINEAR LINEAR LINEAR LINEAR LINEAR LINEAR LINEAR LINEAR LINEAR LINEAR LINEAR
LINEAR LINEAR LINEAR LINEAR LINEAR LINEAR LINEAR LINEAR LINEAR LINEAR LINEAR LINEAR
LINEAR LINEAR LINEAR LINEAR LINEAR LINEAR LINEAR LINEAR LINEAR LINEAR LINEAR LINEAR
LINEAR LINEAR LINEAR LINEAR LINEAR LINEAR LINEAR LINEAR LINEAR</Name_array><technique_common><accessor source="#newVegas_Hips-Interpolations-array" count="104"><param type="name"/></accessor></technique_common></source><sampler id="newVegas_Hips-Matrix-animation-transform"><input semantic="INPUT" source="#newVegas_Hips-Matrix-animation-input"/><input semantic="OUTPUT" source="#newVegas_Hips-Matrix-animation-output-transform"/><input semantic="INTERPOLATION" source="#newVegas_Hips-Interpolations"/></sampler><channel source="#newVegas_Hips-Matrix-animation-transform" target="newVegas_Hips/matrix"/></animation>
    <animation id="newVegas_Pelvis-anim" name="newVegas_Pelvis"><source id="newVegas_Pelvis-Matrix-animation-input"><float_array id="newVegas_Pelvis-Matrix-animation-input-array" count="104">

0.000000 0.033333 0.066667 0.100000 0.133333 0.166667 0.200000 0.233333 0.266667 0.300000 0.333333 0.366667 0.400000 0.433333 0.466667 0.500000
0.533333 0.566667 0.600000 0.633333 0.666667 0.700000 0.733333 0.766667 0.800000 0.833333 0.866667 0.900000 0.933333 0.966667 1.000000 1.033333
1.066667 1.100000 1.133333 1.166667 1.200000 1.233333 1.266667 1.300000 1.333333 1.366667 1.400000 1.433333 1.466667 1.500000 1.533333 1.566667
1.600000 1.633333 1.666667 1.700000 1.733333 1.766667 1.800000 1.833333 1.866667 1.900000 1.933333 1.966667 2.000000 2.033333 2.066667 2.100000
2.133333 2.166667 2.200000 2.233333 2.266667 2.300000 2.333333 2.366667 2.400000 2.433333 2.466667 2.500000 2.533333 2.566667 2.600000 2.633333
2.666667 2.700000 2.733333 2.766667 2.800000 2.833333 2.866667 2.900000 2.933333 2.966667 3.000000 3.033333 3.066667 3.100000 3.133333 3.166667
3.200000 3.233333 3.266667 3.300000 3.333333 3.366667 3.400000 3.433333</float_array><technique_common><accessor source="#newVegas_Pelvis-Matrix-animation-input-array" count="104"><param name="TIME" type="float"/></accessor></technique_common></source><source id="newVegas_Pelvis-Matrix-animation-output-transform"><float_array id="newVegas_Pelvis-Matrix-animation-output-transform-array" count="1664">

1.000000 0.000000 -0.000000 0.000000 0.000000 1.000000 -0.000000 0.000000 0.000000 0.000000 1.000000 0.000000 0.000000 0.000000 0.000000 1.000000
1.000000 -0.000000 -0.000000 0.000000 0.000000 1.000000 0.000000 0.000000 -0.000000 0.000000 1.000000 0.000000 0.000000 0.000000 0.000000 1.000000
1.000000 0.000000 0.000000 0.000000 0.000000 1.000000 0.000000 0.000000 -0.000000 0.000000 1.000000 0.000000 0.000000 0.000000 0.000000 1.000000
1.000000 0.000000 0.000000 0.000000 -0.000000 1.000000 -0.000000 0.000000 0.000000 -0.000000 1.000000 0.000000 0.000000 0.000000 0.000000 1.000000
1.000000 -0.000000 0.000000 0.000000 0.000000 1.000000 0.000000 0.000000 0.000000 0.000000 1.000000 0.000000 0.000000 0.000000 0.000000 1.000000
1.000000 -0.000000 -0.000000 0.000000 -0.000000 1.000000 0.000000 0.000000 0.000000 0.000000 1.000000 0.000000 0.000000 0.000000 0.000000 1.000000
1.000000 0.000000 -0.000000 0.000000 0.000000 1.000000 -0.000000 0.000000 0.000000 0.000000 1.000000 0.000000 0.000000 0.000000 0.000000 1.000000
1.000000 -0.000000 -0.000000 0.000000 0.000000 1.000000 -0.000000 0.000000 0.000000 0.000000 1.000000 0.000000 0.000000 0.000000 0.000000 1.000000
1.000000 0.000000 0.000000 0.000000 0.000000 1.000000 0.000000 0.000000 -0.000000 0.000000 1.000000 0.000000 0.000000 0.000000 0.000000 1.000000
1.000000 -0.000000 0.000000 0.000000 0.000000 1.000000 0.000000 0.000000 -0.000000 0.000000 1.000000 0.000000 0.000000 0.000000 0.000000 1.000000
1.000000 -0.000000 0.000000 0.000000 -0.000000 1.000000 0.000000 0.000000 -0.000000 -0.000000 1.000000 0.000000 0.000000 0.000000 0.000000 1.000000
1.000000 -0.000000 0.000000 0.000000 0.000000 1.000000 -0.000000 0.000000 0.000000 0.000000 1.000000 0.000000 0.000000 0.000000 0.000000 1.000000
1.000000 0.000000 -0.000000 0.000000 -0.000000 1.000000 -0.000000 0.000000 0.000000 0.000000 1.000000 0.000000 0.000000 0.000000 0.000000 1.000000
1.000000 0.000000 0.000000 0.000000 0.000000 1.000000 0.000000 0.000000 0.000000 -0.000000 1.000000 0.000000 0.000000 0.000000 0.000000 1.000000
1.000000 -0.000000 0.000000 0.000000 0.000000 1.000000 0.000000 0.000000 -0.000000 0.000000 1.000000 0.000000 0.000000 0.000000 0.000000 1.000000
1.000000 -0.000000 0.000000 0.000000 -0.000000 1.000000 0.000000 0.000000 0.000000 0.000000 1.000000 0.000000 0.000000 0.000000 0.000000 1.000000
1.000000 -0.000000 0.000000 0.000000 0.000000 1.000000 0.000000 0.000000 0.000000 0.000000 1.000000 0.000000 0.000000 0.000000 0.000000 1.000000
1.000000 0.000000 -0.000000 0.000000 0.000000 1.000000 -0.000000 0.000000 -0.000000 0.000000 1.000000 0.000000 0.000000 0.000000 0.000000 1.000000
1.000000 0.000000 0.000000 0.000000 0.000000 1.000000 0.000000 0.000000 -0.000000 0.000000 1.000000 0.000000 0.000000 0.000000 0.000000 1.000000
1.000000 0.000000 0.000000 0.000000 0.000000 1.000000 0.000000 0.000000 -0.000000 0.000000 1.000000 0.000000 0.000000 0.000000 0.000000 1.000000
1.000000 -0.000000 0.000000 0.000000 -0.000000 1.000000 0.000000 0.000000 0.000000 -0.000000 1.000000 0.000000 0.000000 0.000000 0.000000 1.000000
1.000000 -0.000000 -0.000000 0.000000 -0.000000 1.000000 0.000000 0.000000 -0.000000 0.000000 1.000000 0.000000 0.000000 0.000000 0.000000 1.000000
1.000000 -0.000000 0.000000 0.000000 0.000000 1.000000 0.000000 0.000000 0.000000 0.000000 1.000000 0.000000 0.000000 0.000000 0.000000 1.000000
1.000000 0.000000 0.000000 0.000000 -0.000000 1.000000 -0.000000 0.000000 -0.000000 0.000000 1.000000 0.000000 0.000000 0.000000 0.000000 1.000000
1.000000 0.000000 0.000000 0.000000 0.000000 1.000000 0.000000 0.000000 0.000000 0.000000 1.000000 0.000000 0.000000 0.000000 0.000000 1.000000
1.000000 -0.000000 0.000000 0.000000 0.000000 1.000000 -0.000000 0.000000 0.000000 0.000000 1.000000 0.000000 0.000000 0.000000 0.000000 1.000000
1.000000 -0.000000 -0.000000 0.000000 0.000000 1.000000 -0.000000 0.000000 0.000000 0.000000 1.000000 0.000000 0.000000 0.000000 0.000000 1.000000
1.000000 -0.000000 0.000000 0.000000 0.000000 1.000000 0.000000 0.000000 -0.000000 0.000000 1.000000 0.000000 0.000000 0.000000 0.000000 1.000000
1.000000 -0.000000 0.000000 0.000000 0.000000 1.000000 -0.000000 0.000000 0.000000 0.000000 1.000000 0.000000 0.000000 0.000000 0.000000 1.000000
1.000000 0.000000 0.000000 0.000000 -0.000000 1.000000 0.000000 0.000000 0.000000 0.000000 1.000000 0.000000 0.000000 0.000000 0.000000 1.000000
1.000000 0.000000 0.000000 0.000000 0.000000 1.000000 0.000000 0.000000 0.000000 -0.000000 1.000000 0.000000 0.000000 0.000000 0.000000 1.000000
1.000000 -0.000000 0.000000 0.000000 0.000000 1.000000 0.000000 0.000000 -0.000000 -0.000000 1.000000 0.000000 0.000000 0.000000 0.000000 1.000000
1.000000 0.000000 0.000000 0.000000 -0.000000 1.000000 0.000000 0.000000 0.000000 0.000000 1.000000 0.000000 0.000000 0.000000 0.000000 1.000000
1.000000 0.000000 0.000000 0.000000 0.000000 1.000000 0.000000 0.000000 0.000000 0.000000 1.000000 0.000000 0.000000 0.000000 0.000000 1.000000
1.000000 0.000000 0.000000 0.000000 0.000000 1.000000 -0.000000 0.000000 0.000000 0.000000 1.000000 0.000000 0.000000 0.000000 0.000000 1.000000
1.000000 0.000000 0.000000 0.000000 -0.000000 1.000000 -0.000000 0.000000 0.000000 0.000000 1.000000 0.000000 0.000000 0.000000 0.000000 1.000000
1.000000 -0.000000 -0.000000 0.000000 0.000000 1.000000 0.000000 0.000000 0.000000 -0.000000 1.000000 0.000000 0.000000 0.000000 0.000000 1.000000
1.000000 0.000000 0.000000 0.000000 0.000000 1.000000 0.000000 0.000000 0.000000 -0.000000 1.000000 0.000000 0.000000 0.000000 0.000000 1.000000
1.000000 -0.000000 -0.000000 0.000000 0.000000 1.000000 -0.000000 0.000000 0.000000 0.000000 1.000000 0.000000 0.000000 0.000000 0.000000 1.000000
1.000000 -0.000000 -0.000000 0.000000 -0.000000 1.000000 0.000000 0.000000 0.000000 0.000000 1.000000 0.000000 0.000000 0.000000 0.000000 1.000000
1.000000 0.000000 0.000000 0.000000 -0.000000 1.000000 0.000000 0.000000 -0.000000 0.000000 1.000000 0.000000 0.000000 0.000000 0.000000 1.000000
1.000000 -0.000000 0.000000 0.000000 -0.000000 1.000000 0.000000 0.000000 -0.000000 -0.000000 1.000000 0.000000 0.000000 0.000000 0.000000 1.000000
1.000000 -0.000000 0.000000 0.000000 0.000000 1.000000 0.000000 0.000000 0.000000 0.000000 1.000000 0.000000 0.000000 0.000000 0.000000 1.000000
1.000000 0.000000 -0.000000 0.000000 0.000000 1.000000 0.000000 0.000000 0.000000 0.000000 1.000000 0.000000 0.000000 0.000000 0.000000 1.000000
1.000000 0.000000 -0.000000 0.000000 0.000000 1.000000 0.000000 0.000000 -0.000000 0.000000 1.000000 0.000000 0.000000 0.000000 0.000000 1.000000
1.000000 0.000000 0.000000 0.000000 -0.000000 1.000000 0.000000 0.000000 0.000000 0.000000 1.000000 0.000000 0.000000 0.000000 0.000000 1.000000
1.000000 0.000000 0.000000 0.000000 -0.000000 1.000000 0.000000 0.000000 0.000000 0.000000 1.000000 0.000000 0.000000 0.000000 0.000000 1.000000
1.000000 -0.000000 0.000000 0.000000 -0.000000 1.000000 0.000000 0.000000 0.000000 0.000000 1.000000 0.000000 0.000000 0.000000 0.000000 1.000000
1.000000 0.000000 -0.000000 0.000000 -0.000000 1.000000 -0.000000 0.000000 -0.000000 0.000000 1.000000 0.000000 0.000000 0.000000 0.000000 1.000000
1.000000 0.000000 -0.000000 0.000000 -0.000000 1.000000 0.000000 0.000000 0.000000 0.000000 1.000000 0.000000 0.000000 0.000000 0.000000 1.000000
1.000000 -0.000000 0.000000 0.000000 -0.000000 1.000000 0.000000 0.000000 0.000000 0.000000 1.000000 0.000000 0.000000 0.000000 0.000000 1.000000
1.000000 0.000000 0.000000 0.000000 0.000000 1.000000 0.000000 0.000000 0.000000 -0.000000 1.000000 0.000000 0.000000 0.000000 0.000000 1.000000
1.000000 0.000000 0.000000 0.000000 0.000000 1.000000 0.000000 0.000000 0.000000 0.000000 1.000000 0.000000 0.000000 0.000000 0.000000 1.000000
1.000000 -0.000000 -0.000000 0.000000 0.000000 1.000000 0.000000 0.000000 0.000000 0.000000 1.000000 0.000000 0.000000 0.000000 0.000000 1.000000
1.000000 0.000000 -0.000000 0.000000 0.000000 1.000000 -0.000000 0.000000 0.000000 -0.000000 1.000000 0.000000 0.000000 0.000000 0.000000 1.000000
1.000000 -0.000000 0.000000 0.000000 -0.000000 1.000000 0.000000 0.000000 0.000000 0.000000 1.000000 0.000000 0.000000 0.000000 0.000000 1.000000
1.000000 0.000000 0.000000 0.000000 0.000000 1.000000 0.000000 0.000000 -0.000000 0.000000 1.000000 0.000000 0.000000 0.000000 0.000000 1.000000
1.000000 0.000000 0.000000 0.000000 -0.000000 1.000000 0.000000 0.000000 -0.000000 0.000000 1.000000 0.000000 0.000000 0.000000 0.000000 1.000000
1.000000 0.000000 0.000000 0.000000 0.000000 1.000000 0.000000 0.000000 0.000000 0.000000 1.000000 0.000000 0.000000 0.000000 0.000000 1.000000
1.000000 -0.000000 0.000000 0.000000 0.000000 1.000000 0.000000 0.000000 0.000000 0.000000 1.000000 0.000000 0.000000 0.000000 0.000000 1.000000
1.000000 0.000000 0.000000 0.000000 0.000000 1.000000 -0.000000 0.000000 0.000000 0.000000 1.000000 0.000000 0.000000 0.000000 0.000000 1.000000
1.000000 0.000000 -0.000000 0.000000 -0.000000 1.000000 0.000000 0.000000 -0.000000 -0.000000 1.000000 0.000000 0.000000 0.000000 0.000000 1.000000
1.000000 -0.000000 -0.000000 0.000000 0.000000 1.000000 0.000000 0.000000 0.000000 -0.000000 1.000000 0.000000 0.000000 0.000000 0.000000 1.000000
1.000000 0.000000 0.000000 0.000000 0.000000 1.000000 0.000000 0.000000 0.000000 0.000000 1.000000 0.000000 0.000000 0.000000 0.000000 1.000000
1.000000 -0.000000 -0.000000 0.000000 0.000000 1.000000 0.000000 0.000000 0.000000 0.000000 1.000000 0.000000 0.000000 0.000000 0.000000 1.000000
1.000000 -0.000000 -0.000000 0.000000 -0.000000 1.000000 0.000000 0.000000 -0.000000 -0.000000 1.000000 0.000000 0.000000 0.000000 0.000000 1.000000
1.000000 -0.000000 -0.000000 0.000000 -0.000000 1.000000 0.000000 0.000000 0.000000 0.000000 1.000000 0.000000 0.000000 0.000000 0.000000 1.000000
1.000000 -0.000000 0.000000 0.000000 0.000000 1.000000 0.000000 0.000000 -0.000000 0.000000 1.000000 0.000000 0.000000 0.000000 0.000000 1.000000
1.000000 -0.000000 -0.000000 0.000000 0.000000 1.000000 -0.000000 0.000000 -0.000000 0.000000 1.000000 0.000000 0.000000 0.000000 0.000000 1.000000
1.000000 -0.000000 0.000000 0.000000 -0.000000 1.000000 0.000000 0.000000 0.000000 0.000000 1.000000 0.000000 0.000000 0.000000 0.000000 1.000000
1.000000 0.000000 0.000000 0.000000 0.000000 1.000000 0.000000 0.000000 0.000000 0.000000 1.000000 0.000000 0.000000 0.000000 0.000000 1.000000
1.000000 -0.000000 0.000000 0.000000 -0.000000 1.000000 0.000000 0.000000 -0.000000 0.000000 1.000000 0.000000 0.000000 0.000000 0.000000 1.000000
1.000000 0.000000 0.000000 0.000000 -0.000000 1.000000 0.000000 0.000000 -0.000000 -0.000000 1.000000 0.000000 0.000000 0.000000 0.000000 1.000000
1.000000 0.000000 0.000000 0.000000 0.000000 1.000000 0.000000 0.000000 -0.000000 0.000000 1.000000 0.000000 0.000000 0.000000 0.000000 1.000000
1.000000 0.000000 -0.000000 0.000000 0.000000 1.000000 0.000000 0.000000 0.000000 -0.000000 1.000000 0.000000 0.000000 0.000000 0.000000 1.000000
1.000000 -0.000000 0.000000 0.000000 -0.000000 1.000000 0.000000 0.000000 0.000000 -0.000000 1.000000 0.000000 0.000000 0.000000 0.000000 1.000000
1.000000 0.000000 0.000000 0.000000 -0.000000 1.000000 0.000000 0.000000 -0.000000 0.000000 1.000000 0.000000 0.000000 0.000000 0.000000 1.000000
1.000000 0.000000 -0.000000 0.000000 0.000000 1.000000 0.000000 0.000000 -0.000000 0.000000 1.000000 0.000000 0.000000 0.000000 0.000000 1.000000
1.000000 -0.000000 0.000000 0.000000 -0.000000 1.000000 0.000000 0.000000 -0.000000 0.000000 1.000000 0.000000 0.000000 0.000000 0.000000 1.000000
1.000000 -0.000000 -0.000000 0.000000 -0.000000 1.000000 -0.000000 0.000000 -0.000000 0.000000 1.000000 0.000000 0.000000 0.000000 0.000000 1.000000
1.000000 -0.000000 0.000000 0.000000 -0.000000 1.000000 0.000000 0.000000 0.000000 0.000000 1.000000 0.000000 0.000000 0.000000 0.000000 1.000000
1.000000 -0.000000 -0.000000 0.000000 0.000000 1.000000 -0.000000 0.000000 -0.000000 -0.000000 1.000000 0.000000 0.000000 0.000000 0.000000 1.000000
1.000000 -0.000000 0.000000 0.000000 0.000000 1.000000 0.000000 0.000000 0.000000 0.000000 1.000000 0.000000 0.000000 0.000000 0.000000 1.000000
1.000000 0.000000 0.000000 0.000000 -0.000000 1.000000 0.000000 0.000000 0.000000 0.000000 1.000000 0.000000 0.000000 0.000000 0.000000 1.000000
1.000000 0.000000 0.000000 0.000000 -0.000000 1.000000 0.000000 0.000000 0.000000 -0.000000 1.000000 0.000000 0.000000 0.000000 0.000000 1.000000
1.000000 0.000000 0.000000 0.000000 -0.000000 1.000000 0.000000 0.000000 0.000000 0.000000 1.000000 0.000000 0.000000 0.000000 0.000000 1.000000
1.000000 -0.000000 -0.000000 0.000000 -0.000000 1.000000 -0.000000 0.000000 0.000000 -0.000000 1.000000 0.000000 0.000000 0.000000 0.000000 1.000000
1.000000 -0.000000 0.000000 0.000000 0.000000 1.000000 0.000000 0.000000 -0.000000 0.000000 1.000000 0.000000 0.000000 0.000000 0.000000 1.000000
1.000000 -0.000000 0.000000 0.000000 -0.000000 1.000000 0.000000 0.000000 -0.000000 0.000000 1.000000 0.000000 0.000000 0.000000 0.000000 1.000000
1.000000 -0.000000 -0.000000 0.000000 -0.000000 1.000000 -0.000000 0.000000 0.000000 -0.000000 1.000000 0.000000 0.000000 0.000000 0.000000 1.000000
1.000000 -0.000000 0.000000 0.000000 0.000000 1.000000 0.000000 0.000000 0.000000 0.000000 1.000000 0.000000 0.000000 0.000000 0.000000 1.000000
1.000000 0.000000 0.000000 0.000000 -0.000000 1.000000 0.000000 0.000000 0.000000 -0.000000 1.000000 0.000000 0.000000 0.000000 0.000000 1.000000
1.000000 -0.000000 0.000000 0.000000 0.000000 1.000000 0.000000 0.000000 -0.000000 0.000000 1.000000 0.000000 0.000000 0.000000 0.000000 1.000000
1.000000 0.000000 0.000000 0.000000 -0.000000 1.000000 0.000000 0.000000 0.000000 -0.000000 1.000000 0.000000 0.000000 0.000000 0.000000 1.000000
1.000000 -0.000000 -0.000000 0.000000 -0.000000 1.000000 0.000000 0.000000 0.000000 0.000000 1.000000 0.000000 0.000000 0.000000 0.000000 1.000000
1.000000 -0.000000 0.000000 0.000000 0.000000 1.000000 -0.000000 0.000000 0.000000 -0.000000 1.000000 0.000000 0.000000 0.000000 0.000000 1.000000
1.000000 0.000000 -0.000000 0.000000 0.000000 1.000000 0.000000 0.000000 -0.000000 0.000000 1.000000 0.000000 0.000000 0.000000 0.000000 1.000000
1.000000 0.000000 -0.000000 0.000000 0.000000 1.000000 0.000000 0.000000 0.000000 -0.000000 1.000000 0.000000 0.000000 0.000000 0.000000 1.000000
1.000000 0.000000 0.000000 0.000000 0.000000 1.000000 0.000000 0.000000 0.000000 0.000000 1.000000 0.000000 0.000000 0.000000 0.000000 1.000000
1.000000 0.000000 -0.000000 0.000000 -0.000000 1.000000 0.000000 0.000000 0.000000 0.000000 1.000000 0.000000 0.000000 0.000000 0.000000 1.000000
1.000000 -0.000000 -0.000000 0.000000 0.000000 1.000000 -0.000000 0.000000 -0.000000 -0.000000 1.000000 0.000000 0.000000 0.000000 0.000000 1.000000
1.000000 -0.000000 -0.000000 0.000000 0.000000 1.000000 0.000000 0.000000 0.000000 0.000000 1.000000 0.000000 0.000000 0.000000 0.000000 1.000000
1.000000 -0.000000 -0.000000 0.000000 0.000000 1.000000 -0.000000 0.000000 -0.000000 -0.000000 1.000000 0.000000 0.000000 0.000000 0.000000 1.000000
1.000000 0.000000 -0.000000 0.000000 0.000000 1.000000 -0.000000 0.000000 0.000000 0.000000 1.000000 0.000000 0.000000 0.000000 0.000000 1.000000</float_array><technique_common><accessor source="#newVegas_Pelvis-Matrix-animation-output-transform-array" count="104" stride="16"><param type="float4x4"/></accessor></technique_common></source><source id="newVegas_Pelvis-Interpolations"><Name_array id="newVegas_Pelvis-Interpolations-array" count="104">
 LINEAR LINEAR LINEAR LINEAR LINEAR LINEAR LINEAR LINEAR LINEAR LINEAR LINEAR
LINEAR LINEAR LINEAR LINEAR LINEAR LINEAR LINEAR LINEAR LINEAR LINEAR LINEAR LINEAR
LINEAR LINEAR LINEAR LINEAR LINEAR LINEAR LINEAR LINEAR LINEAR LINEAR LINEAR LINEAR
LINEAR LINEAR LINEAR LINEAR LINEAR LINEAR LINEAR LINEAR LINEAR LINEAR LINEAR LINEAR
LINEAR LINEAR LINEAR LINEAR LINEAR LINEAR LINEAR LINEAR LINEAR LINEAR LINEAR LINEAR
LINEAR LINEAR LINEAR LINEAR LINEAR LINEAR LINEAR LINEAR LINEAR LINEAR LINEAR LINEAR
LINEAR LINEAR LINEAR LINEAR LINEAR LINEAR LINEAR LINEAR LINEAR LINEAR LINEAR LINEAR
LINEAR LINEAR LINEAR LINEAR LINEAR LINEAR LINEAR LINEAR LINEAR LINEAR LINEAR LINEAR
LINEAR LINEAR LINEAR LINEAR LINEAR LINEAR LINEAR LINEAR LINEAR</Name_array><technique_common><accessor source="#newVegas_Pelvis-Interpolations-array" count="104"><param type="name"/></accessor></technique_common></source><sampler id="newVegas_Pelvis-Matrix-animation-transform"><input semantic="INPUT" source="#newVegas_Pelvis-Matrix-animation-input"/><input semantic="OUTPUT" source="#newVegas_Pelvis-Matrix-animation-output-transform"/><input semantic="INTERPOLATION" source="#newVegas_Pelvis-Interpolations"/></sampler><channel source="#newVegas_Pelvis-Matrix-animation-transform" target="newVegas_Pelvis/matrix"/></animation>
    <animation id="newVegas_LeftUpLeg-anim" name="newVegas_LeftUpLeg"><source id="newVegas_LeftUpLeg-Matrix-animation-input"><float_array id="newVegas_LeftUpLeg-Matrix-animation-input-array" count="104">

0.000000 0.033333 0.066667 0.100000 0.133333 0.166667 0.200000 0.233333 0.266667 0.300000 0.333333 0.366667 0.400000 0.433333 0.466667 0.500000
0.533333 0.566667 0.600000 0.633333 0.666667 0.700000 0.733333 0.766667 0.800000 0.833333 0.866667 0.900000 0.933333 0.966667 1.000000 1.033333
1.066667 1.100000 1.133333 1.166667 1.200000 1.233333 1.266667 1.300000 1.333333 1.366667 1.400000 1.433333 1.466667 1.500000 1.533333 1.566667
1.600000 1.633333 1.666667 1.700000 1.733333 1.766667 1.800000 1.833333 1.866667 1.900000 1.933333 1.966667 2.000000 2.033333 2.066667 2.100000
2.133333 2.166667 2.200000 2.233333 2.266667 2.300000 2.333333 2.366667 2.400000 2.433333 2.466667 2.500000 2.533333 2.566667 2.600000 2.633333
2.666667 2.700000 2.733333 2.766667 2.800000 2.833333 2.866667 2.900000 2.933333 2.966667 3.000000 3.033333 3.066667 3.100000 3.133333 3.166667
3.200000 3.233333 3.266667 3.300000 3.333333 3.366667 3.400000 3.433333</float_array><technique_common><accessor source="#newVegas_LeftUpLeg-Matrix-animation-input-array" count="104"><param name="TIME" type="float"/></accessor></technique_common></source><source id="newVegas_LeftUpLeg-Matrix-animation-output-transform"><float_array id="newVegas_LeftUpLeg-Matrix-animation-output-transform-array" count="1664">

0.995840 -0.086805 -0.027720 18.735201 0.061240 0.412273 0.909000 -5.666700 -0.067478 -0.906916 0.415873 -4.541200 0.000000 0.000000 0.000000 1.000000
0.995825 -0.086900 -0.027962 18.735201 0.061486 0.412081 0.909070 -5.666700 -0.067476 -0.906994 0.415703 -4.541200 0.000000 0.000000 0.000000 1.000000
0.995815 -0.086934 -0.028190 18.735201 0.061695 0.411908 0.909134 -5.666700 -0.067423 -0.907069 0.415548 -4.541200 0.000000 0.000000 0.000000 1.000000
0.995808 -0.086942 -0.028415 18.735201 0.061890 0.411718 0.909207 -5.666700 -0.067349 -0.907154 0.415373 -4.541200 0.000000 0.000000 0.000000 1.000000
0.995801 -0.086961 -0.028616 18.735201 0.062068 0.411531 0.909280 -5.666700 -0.067295 -0.907238 0.415200 -4.541200 0.000000 0.000000 0.000000 1.000000
0.995793 -0.086994 -0.028785 18.735201 0.062225 0.411393 0.909331 -5.666700 -0.067264 -0.907297 0.415076 -4.541200 0.000000 0.000000 0.000000 1.000000
0.995784 -0.087033 -0.028960 18.735201 0.062397 0.411327 0.909349 -5.666700 -0.067231 -0.907323 0.415024 -4.541200 0.000000 0.000000 0.000000 1.000000
0.995776 -0.087040 -0.029211 18.735201 0.062629 0.411320 0.909337 -5.666700 -0.067134 -0.907326 0.415034 -4.541200 0.000000 0.000000 0.000000 1.000000
