<?xml version="1.0" encoding="utf-8"?>
<COLLADA xmlns="http://www.collada.org/2005/11/COLLADASchema" version="1.4.1">
  <asset><contributor><author>Mixamo</author><authoring_tool>COLLADA Mixamo exporter</authoring_tool><comments></comments></contributor><created>2021-07-21T15:52:38Z</created><modified>2021-07-21T15:52:38Z</modified><revision></revision><title></title><unit meter="0.010000"/><up_axis>Y_UP</up_axis></asset>
  <library_animations>
    <animation id="newVegas_Hips-anim" name="newVegas_Hips"><source id="newVegas_Hips-Matrix-animation-input"><float_array id="newVegas_Hips-Matrix-animation-input-array" count="51">

0.000000 0.033333 0.066667 0.100000 0.133333 0.166667 0.200000 0.233333 0.266667 0.300000 0.333333 0.366667 0.400000 0.433333 0.466667 0.500000
0.533333 0.566667 0.600000 0.633333 0.666667 0.700000 0.733333 0.766667 0.800000 0.833333 0.866667 0.900000 0.933333 0.966667 1.000000 1.033333
1.066667 1.100000 1.133333 1.166667 1.200000 1.233333 1.266667 1.300000 1.333333 1.366667 1.400000 1.433333 1.466667 1.500000 1.533333 1.566667
1.600000 1.633333 1.666667</float_array><technique_common><accessor source="#newVegas_Hips-Matrix-animation-input-array" count="51"><param name="TIME" type="float"/></accessor></technique_common></source><source id="newVegas_Hips-Matrix-animation-output-transform"><float_array id="newVegas_Hips-Matrix-animation-output-transform-array" count="816">

0.529139 -0.827375 0.188313 10.245259 0.838825 0.476564 -0.263171 18.703545 0.127998 0.297216 0.946192 6.467022 0.000000 0.000000 0.000000 1.000000
0.551339 -0.802626 0.227633 10.276800 0.827687 0.491991 -0.269961 18.785902 0.104685 0.337249 0.935577 6.268622 0.000000 0.000000 0.000000 1.000000
0.576057 -0.774640 0.260945 10.432390 0.812963 0.509693 -0.281610 18.692642 0.085144 0.374362 0.923365 6.312917 0.000000 0.000000 0.000000 1.000000
0.604211 -0.744084 0.285076 10.642637 0.793592 0.529739 -0.299312 18.512096 0.071697 0.407082 0.910573 6.712890 0.000000 0.000000 0.000000 1.000000
0.636511 -0.711628 0.297387 10.860183 0.768334 0.551460 -0.324893 18.375277 0.067206 0.435291 0.897778 7.339624 0.000000 0.000000 0.000000 1.000000
0.670996 -0.679220 0.297364 11.136620 0.737791 0.571771 -0.358807 18.295664 0.073685 0.460150 0.884778 7.927268 0.000000 0.000000 0.000000 1.000000
0.704331 -0.649544 0.286375 11.515395 0.704046 0.587607 -0.398795 18.377457 0.090759 0.482505 0.871179 8.422370 0.000000 0.000000 0.000000 1.000000
0.731489 -0.626970 0.268016 12.062840 0.671922 0.595970 -0.439705 18.603220 0.115952 0.501725 0.857220 8.946989 0.000000 0.000000 0.000000 1.000000
0.749625 -0.613820 0.247561 12.715229 0.645878 0.596718 -0.476202 18.995186 0.144578 0.516868 0.843768 9.650400 0.000000 0.000000 0.000000 1.000000
0.758264 -0.609730 0.230791 13.287621 0.628981 0.591047 -0.505022 19.486427 0.171519 0.528103 0.831678 10.533435 0.000000 0.000000 0.000000 1.000000
0.757876 -0.614630 0.218757 13.409407 0.621583 0.578439 -0.528244 20.321579 0.198137 0.536319 0.820429 11.501476 0.000000 0.000000 0.000000 1.000000
0.752394 -0.625580 0.206286 12.990376 0.617127 0.559927 -0.552843 21.594236 0.230342 0.543260 0.807348 12.168249 0.000000 0.000000 0.000000 1.000000
0.745628 -0.639224 0.188235 11.957314 0.607890 0.536784 -0.585092 23.818892 0.272963 0.550687 0.788819 12.391018 0.000000 0.000000 0.000000 1.000000
0.739452 -0.652997 0.163722 10.268382 0.588862 0.509522 -0.627398 27.186464 0.326270 0.560341 0.761293 12.274761 0.000000 0.000000 0.000000 1.000000
0.735209 -0.664118 0.135701 8.478468 0.557238 0.478178 -0.678846 30.834465 0.385944 0.574712 0.721633 12.349749 0.000000 0.000000 0.000000 1.000000
0.728812 -0.675008 0.114879 6.813825 0.521471 0.438460 -0.731998 34.375992 0.443735 0.593395 0.671552 13.151237 0.000000 0.000000 0.000000 1.000000
0.728568 -0.677699 0.099561 5.060480 0.474229 0.394174 -0.787232 37.748886 0.494262 0.620767 0.608567 13.936917 0.000000 0.000000 0.000000 1.000000
0.738117 -0.668326 0.092319 2.939956 0.418754 0.346535 -0.839380 40.969646 0.528988 0.658220 0.535647 14.723406 0.000000 0.000000 0.000000 1.000000
0.751876 -0.651741 0.099579 -0.515188 0.371057 0.293456 -0.881022 44.140263 0.544976 0.699369 0.462476 15.840164 0.000000 0.000000 0.000000 1.000000
0.764582 -0.633152 0.120551 -5.114112 0.338922 0.235867 -0.910768 47.272259 0.548221 0.737214 0.394929 16.907015 0.000000 0.000000 0.000000 1.000000
0.774289 -0.614378 0.151710 -9.859229 0.323216 0.177827 -0.929467 50.655972 0.544066 0.768712 0.336266 17.117083 0.000000 0.000000 0.000000 1.000000
0.779645 -0.597454 0.187620 -14.129747 0.320014 0.122584 -0.939449 53.456661 0.538279 0.792478 0.286766 16.891815 0.000000 0.000000 0.000000 1.000000
0.782066 -0.582523 0.221450 -18.275976 0.320875 0.071771 -0.944398 55.497356 0.534240 0.809640 0.243046 16.232897 0.000000 0.000000 0.000000 1.000000
0.789233 -0.563311 0.244525 -23.425648 0.313705 0.027520 -0.949121 58.060448 0.527921 0.825787 0.198433 14.254229 0.000000 0.000000 0.000000 1.000000
0.810466 -0.532961 0.243099 -29.366400 0.284244 -0.005063 -0.958739 61.992531 0.512201 0.846125 0.147388 11.556458 0.000000 0.000000 0.000000 1.000000
0.844194 -0.496421 0.202243 -34.906219 0.222665 -0.018448 -0.974720 66.178780 0.487603 0.867886 0.094962 9.707576 0.000000 0.000000 0.000000 1.000000
0.873015 -0.470713 0.127571 -39.407616 0.140787 -0.007198 -0.990014 68.975815 0.466930 0.882257 0.059986 8.926107 0.000000 0.000000 0.000000 1.000000
0.884034 -0.465368 0.043791 -42.661453 0.064258 0.028200 -0.997535 70.659081 0.462985 0.884668 0.054834 8.309403 0.000000 0.000000 0.000000 1.000000
0.880732 -0.472623 -0.030623 -44.423077 0.008647 0.080693 -0.996701 71.489113 0.473535 0.877562 0.075156 7.035687 0.000000 0.000000 0.000000 1.000000
0.874000 -0.475571 -0.099779 -45.900833 -0.035641 0.142045 -0.989218 71.411789 0.484617 0.868133 0.107197 5.352291 0.000000 0.000000 0.000000 1.000000
0.870767 -0.460814 -0.171512 -48.073029 -0.082291 0.207319 -0.974806 70.669212 0.484762 0.862943 0.142605 3.763635 0.000000 0.000000 0.000000 1.000000
0.870851 -0.427123 -0.243277 -50.669353 -0.131756 0.273979 -0.952668 70.684883 0.473559 0.861685 0.182319 2.224950 0.000000 0.000000 0.000000 1.000000
0.871466 -0.378225 -0.312239 -53.161644 -0.183764 0.338451 -0.922866 71.518333 0.454729 0.861624 0.225444 0.695061 0.000000 0.000000 0.000000 1.000000
0.870510 -0.320352 -0.373615 -55.628643 -0.234730 0.396984 -0.887303 72.510323 0.432568 0.860104 0.270382 -0.765459 0.000000 0.000000 0.000000 1.000000
0.869197 -0.257862 -0.421905 -58.472763 -0.278328 0.450098 -0.848496 73.314667 0.408693 0.854938 0.319454 -2.022702 0.000000 0.000000 0.000000 1.000000
0.871338 -0.191290 -0.451860 -61.691727 -0.308103 0.503421 -0.807242 73.996338 0.381893 0.842601 0.379713 -2.890263 0.000000 0.000000 0.000000 1.000000
0.882560 -0.123100 -0.453799 -64.814163 -0.314614 0.562642 -0.764495 74.337845 0.349436 0.817484 0.457837 -3.271185 0.000000 0.000000 0.000000 1.000000
0.904426 -0.061328 -0.422200 -67.800507 -0.294106 0.627262 -0.721140 74.379524 0.309056 0.776390 0.549275 -3.369481 0.000000 0.000000 0.000000 1.000000
0.931614 -0.015667 -0.363112 -70.648537 -0.252365 0.691074 -0.677295 74.339714 0.261548 0.722614 0.639860 -3.317852 0.000000 0.000000 0.000000 1.000000
0.956560 0.010828 -0.291335 -73.294762 -0.201115 0.747966 -0.632534 74.588867 0.211059 0.663649 0.717652 -3.174821 0.000000 0.000000 0.000000 1.000000
0.975144 0.022652 -0.220413 -75.664474 -0.151078 0.795641 -0.586627 75.225693 0.162081 0.605345 0.779286 -2.875724 0.000000 0.000000 0.000000 1.000000
0.986525 0.027323 -0.161315 -77.675606 -0.111377 0.834393 -0.539799 76.422432 0.119851 0.550492 0.826193 -2.484678 0.000000 0.000000 0.000000 1.000000
0.992131 0.028706 -0.121867 -79.461510 -0.085650 0.865575 -0.493401 78.175392 0.091321 0.499956 0.861222 -2.082606 0.000000 0.000000 0.000000 1.000000
0.994107 0.025493 -0.105364 -81.202560 -0.070432 0.890750 -0.449003 80.242226 0.082406 0.453778 0.887296 -1.686338 0.000000 0.000000 0.000000 1.000000
0.993847 0.017689 -0.109339 -82.973686 -0.061099 0.910940 -0.407989 82.384529 0.092384 0.412160 0.906416 -1.293466 0.000000 0.000000 0.000000 1.000000
0.992282 0.009647 -0.123628 -84.705124 -0.055382 0.926493 -0.372215 84.287338 0.110950 0.376189 0.919876 -0.893442 0.000000 0.000000 0.000000 1.000000
0.991023 0.005750 -0.133568 -86.303192 -0.051781 0.937603 -0.343830 85.616875 0.123257 0.347660 0.929484 -0.528595 0.000000 0.000000 0.000000 1.000000
0.991652 0.006190 -0.128796 -87.597000 -0.047998 0.944788 -0.324148 86.165634 0.119678 0.327624 0.937198 -0.254966 0.000000 0.000000 0.000000 1.000000
0.993991 0.007201 -0.109221 -88.522202 -0.041191 0.949092 -0.312293 86.067459 0.101412 0.314915 0.943686 -0.117673 0.000000 0.000000 0.000000 1.000000
0.996565 0.005272 -0.082644 -89.184280 -0.030334 0.951850 -0.305061 85.682343 0.077056 0.306520 0.948740 -0.112630 0.000000 0.000000 0.000000 1.000000
0.998344 -0.000507 -0.057523 -89.744789 -0.016746 0.954093 -0.299041 85.329742 0.055034 0.299509 0.952505 -0.208761 0.000000 0.000000 0.000000 1.000000</float_array><technique_common><accessor source="#newVegas_Hips-Matrix-animation-output-transform-array" count="51" stride="16"><param type="float4x4"/></accessor></technique_common></source><source id="newVegas_Hips-Interpolations"><Name_array id="newVegas_Hips-Interpolations-array" count="51">
 LINEAR LINEAR LINEAR LINEAR LINEAR LINEAR LINEAR LINEAR LINEAR LINEAR LINEAR
LINEAR LINEAR LINEAR LINEAR LINEAR LINEAR LINEAR LINEAR LINEAR LINEAR LINEAR LINEAR
LINEAR LINEAR LINEAR LINEAR LINEAR LINEAR LINEAR LINEAR LINEAR LINEAR LINEAR LINEAR
LINEAR LINEAR LINEAR LINEAR LINEAR LINEAR LINEAR LINEAR LINEAR LINEAR LINEAR LINEAR
LINEAR LINEAR LINEAR LINEAR</Name_array><technique_common><accessor source="#newVegas_Hips-Interpolations-array" count="51"><param type="name"/></accessor></technique_common></source><sampler id="newVegas_Hips-Matrix-animation-transform"><input semantic="INPUT" source="#newVegas_Hips-Matrix-animation-input"/><input semantic="OUTPUT" source="#newVegas_Hips-Matrix-animation-output-transform"/><input semantic="INTERPOLATION" source="#newVegas_Hips-Interpolations"/></sampler><channel source="#newVegas_Hips-Matrix-animation-transform" target="newVegas_Hips/matrix"/></animation>
    <animation id="newVegas_Pelvis-anim" name="newVegas_Pelvis"><source id="newVegas_Pelvis-Matrix-animation-input"><float_array id="newVegas_Pelvis-Matrix-animation-input-array" count="51">

0.000000 0.033333 0.066667 0.100000 0.133333 0.166667 0.200000 0.233333 0.266667 0.300000 0.333333 0.366667 0.400000 0.433333 0.466667 0.500000
0.533333 0.566667 0.600000 0.633333 0.666667 0.700000 0.733333 0.766667 0.800000 0.833333 0.866667 0.900000 0.933333 0.966667 1.000000 1.033333
1.066667 1.100000 1.133333 1.166667 1.200000 1.233333 1.266667 1.300000 1.333333 1.366667 1.400000 1.433333 1.466667 1.500000 1.533333 1.566667
1.600000 1.633333 1.666667</float_array><technique_common><accessor source="#newVegas_Pelvis-Matrix-animation-input-array" count="51"><param name="TIME" type="float"/></accessor></technique_common></source><source id="newVegas_Pelvis-Matrix-animation-output-transform"><float_array id="newVegas_Pelvis-Matrix-animation-output-transform-array" count="816">

1.000000 0.000000 0.000000 0.000000 0.000000 1.000000 0.000000 0.000000 -0.000000 0.000000 1.000000 0.000000 0.000000 0.000000 0.000000 1.000000
1.000000 0.000000 -0.000000 0.000000 -0.000000 1.000000 -0.000000 0.000000 0.000000 -0.000000 1.000000 0.000000 0.000000 0.000000 0.000000 1.000000
1.000000 0.000000 -0.000000 0.000000 0.000000 1.000000 0.000000 0.000000 -0.000000 0.000000 1.000000 0.000000 0.000000 0.000000 0.000000 1.000000
1.000000 0.000000 -0.000000 0.000000 0.000000 1.000000 0.000000 0.000000 0.000000 0.000000 1.000000 0.000000 0.000000 0.000000 0.000000 1.000000
1.000000 0.000000 0.000000 0.000000 0.000000 1.000000 -0.000000 0.000000 0.000000 0.000000 1.000000 0.000000 0.000000 0.000000 0.000000 1.000000
1.000000 -0.000000 0.000000 0.000000 -0.000000 1.000000 0.000000 0.000000 0.000000 0.000000 1.000000 0.000000 0.000000 0.000000 0.000000 1.000000
1.000000 0.000000 0.000000 0.000000 0.000000 1.000000 0.000000 0.000000 -0.000000 -0.000000 1.000000 0.000000 0.000000 0.000000 0.000000 1.000000
1.000000 -0.000000 0.000000 0.000000 -0.000000 1.000000 -0.000000 0.000000 0.000000 0.000000 1.000000 0.000000 0.000000 0.000000 0.000000 1.000000
1.000000 0.000000 0.000000 0.000000 0.000000 1.000000 -0.000000 0.000000 0.000000 0.000000 1.000000 0.000000 0.000000 0.000000 0.000000 1.000000
1.000000 0.000000 0.000000 0.000000 -0.000000 1.000000 0.000000 0.000000 0.000000 0.000000 1.000000 0.000000 0.000000 0.000000 0.000000 1.000000
1.000000 -0.000000 0.000000 0.000000 -0.000000 1.000000 0.000000 0.000000 0.000000 0.000000 1.000000 0.000000 0.000000 0.000000 0.000000 1.000000
1.000000 0.000000 0.000000 0.000000 -0.000000 1.000000 0.000000 0.000000 0.000000 0.000000 1.000000 0.000000 0.000000 0.000000 0.000000 1.000000
1.000000 -0.000000 0.000000 0.000000 0.000000 1.000000 0.000000 0.000000 0.000000 0.000000 1.000000 0.000000 0.000000 0.000000 0.000000 1.000000
1.000000 0.000000 -0.000000 0.000000 -0.000000 1.000000 -0.000000 0.000000 0.000000 0.000000 1.000000 0.000000 0.000000 0.000000 0.000000 1.000000
1.000000 0.000000 -0.000000 0.000000 -0.000000 1.000000 0.000000 0.000000 -0.000000 -0.000000 1.000000 0.000000 0.000000 0.000000 0.000000 1.000000
1.000000 0.000000 0.000000 0.000000 0.000000 1.000000 -0.000000 0.000000 0.000000 -0.000000 1.000000 0.000000 0.000000 0.000000 0.000000 1.000000
1.000000 0.000000 -0.000000 0.000000 0.000000 1.000000 -0.000000 0.000000 0.000000 0.000000 1.000000 0.000000 0.000000 0.000000 0.000000 1.000000
1.000000 0.000000 -0.000000 0.000000 -0.000000 1.000000 -0.000000 0.000000 -0.000000 -0.000000 1.000000 0.000000 0.000000 0.000000 0.000000 1.000000
1.000000 0.000000 0.000000 0.000000 -0.000000 1.000000 -0.000000 0.000000 0.000000 0.000000 1.000000 0.000000 0.000000 0.000000 0.000000 1.000000
1.000000 -0.000000 -0.000000 0.000000 -0.000000 1.000000 -0.000000 0.000000 -0.000000 -0.000000 1.000000 0.000000 0.000000 0.000000 0.000000 1.000000
1.000000 0.000000 -0.000000 0.000000 -0.000000 1.000000 0.000000 0.000000 0.000000 0.000000 1.000000 0.000000 0.000000 0.000000 0.000000 1.000000
1.000000 0.000000 0.000000 0.000000 0.000000 1.000000 0.000000 0.000000 0.000000 0.000000 1.000000 0.000000 0.000000 0.000000 0.000000 1.000000
1.000000 0.000000 0.000000 0.000000 0.000000 1.000000 0.000000 0.000000 0.000000 0.000000 1.000000 0.000000 0.000000 0.000000 0.000000 1.000000
1.000000 0.000000 -0.000000 0.000000 0.000000 1.000000 -0.000000 0.000000 -0.000000 -0.000000 1.000000 0.000000 0.000000 0.000000 0.000000 1.000000
1.000000 0.000000 0.000000 0.000000 -0.000000 1.000000 0.000000 0.000000 0.000000 -0.000000 1.000000 0.000000 0.000000 0.000000 0.000000 1.000000
1.000000 0.000000 0.000000 0.000000 0.000000 1.000000 0.000000 0.000000 0.000000 0.000000 1.000000 0.000000 0.000000 0.000000 0.000000 1.000000
1.000000 0.000000 -0.000000 0.000000 0.000000 1.000000 0.000000 0.000000 -0.000000 0.000000 1.000000 0.000000 0.000000 0.000000 0.000000 1.000000
1.000000 -0.000000 0.000000 0.000000 -0.000000 1.000000 -0.000000 0.000000 0.000000 -0.000000 1.000000 0.000000 0.000000 0.000000 0.000000 1.000000
1.000000 -0.000000 -0.000000 0.000000 -0.000000 1.000000 0.000000 0.000000 0.000000 0.000000 1.000000 0.000000 0.000000 0.000000 0.000000 1.000000
1.000000 0.000000 0.000000 0.000000 0.000000 1.000000 0.000000 0.000000 -0.000000 0.000000 1.000000 0.000000 0.000000 0.000000 0.000000 1.000000
1.000000 0.000000 0.000000 0.000000 0.000000 1.000000 -0.000000 0.000000 0.000000 0.000000 1.000000 0.000000 0.000000 0.000000 0.000000 1.000000
1.000000 0.000000 0.000000 0.000000 -0.000000 1.000000 -0.000000 0.000000 0.000000 -0.000000 1.000000 0.000000 0.000000 0.000000 0.000000 1.000000
1.000000 0.000000 0.000000 0.000000 -0.000000 1.000000 -0.000000 0.000000 0.000000 0.000000 1.000000 0.000000 0.000000 0.000000 0.000000 1.000000
1.000000 0.000000 -0.000000 0.000000 -0.000000 1.000000 -0.000000 0.000000 0.000000 -0.000000 1.000000 0.000000 0.000000 0.000000 0.000000 1.000000
1.000000 0.000000 0.000000 0.000000 -0.000000 1.000000 0.000000 0.000000 0.000000 -0.000000 1.000000 0.000000 0.000000 0.000000 0.000000 1.000000
1.000000 0.000000 0.000000 0.000000 0.000000 1.000000 0.000000 0.000000 -0.000000 0.000000 1.000000 0.000000 0.000000 0.000000 0.000000 1.000000
1.000000 -0.000000 0.000000 0.000000 0.000000 1.000000 0.000000 0.000000 -0.000000 0.000000 1.000000 0.000000 0.000000 0.000000 0.000000 1.000000
1.000000 0.000000 -0.000000 0.000000 -0.000000 1.000000 -0.000000 0.000000 0.000000 0.000000 1.000000 0.000000 0.000000 0.000000 0.000000 1.000000
1.000000 0.000000 -0.000000 0.000000 0.000000 1.000000 0.000000 0.000000 0.000000 0.000000 1.000000 0.000000 0.000000 0.000000 0.000000 1.000000
1.000000 0.000000 0.000000 0.000000 -0.000000 1.000000 0.000000 0.000000 0.000000 -0.000000 1.000000 0.000000 0.000000 0.000000 0.000000 1.000000
1.000000 0.000000 0.000000 0.000000 0.000000 1.000000 0.000000 0.000000 0.000000 0.000000 1.000000 0.000000 0.000000 0.000000 0.000000 1.000000
1.000000 0.000000 0.000000 0.000000 0.000000 1.000000 0.000000 0.000000 0.000000 0.000000 1.000000 0.000000 0.000000 0.000000 0.000000 1.000000
1.000000 0.000000 -0.000000 0.000000 -0.000000 1.000000 -0.000000 0.000000 -0.000000 0.000000 1.000000 0.000000 0.000000 0.000000 0.000000 1.000000
1.000000 -0.000000 0.000000 0.000000 0.000000 1.000000 -0.000000 0.000000 -0.000000 0.000000 1.000000 0.000000 0.000000 0.000000 0.000000 1.000000
1.000000 0.000000 0.000000 0.000000 -0.000000 1.000000 -0.000000 0.000000 0.000000 0.000000 1.000000 0.000000 0.000000 0.000000 0.000000 1.000000
1.000000 0.000000 0.000000 0.000000 0.000000 1.000000 0.000000 0.000000 0.000000 0.000000 1.000000 0.000000 0.000000 0.000000 0.000000 1.000000
1.000000 0.000000 0.000000 0.000000 0.000000 1.000000 0.000000 0.000000 -0.000000 0.000000 1.000000 0.000000 0.000000 0.000000 0.000000 1.000000
1.000000 -0.000000 -0.000000 0.000000 0.000000 1.000000 0.000000 0.000000 0.000000 0.000000 1.000000 0.000000 0.000000 0.000000 0.000000 1.000000
1.000000 0.000000 0.000000 0.000000 -0.000000 1.000000 -0.000000 0.000000 -0.000000 -0.000000 1.000000 0.000000 0.000000 0.000000 0.000000 1.000000
1.000000 -0.000000 -0.000000 0.000000 -0.000000 1.000000 -0.000000 0.000000 0.000000 -0.000000 1.000000 0.000000 0.000000 0.000000 0.000000 1.000000
1.000000 -0.000000 -0.000000 0.000000 0.000000 1.000000 0.000000 0.000000 -0.000000 0.000000 1.000000 0.000000 0.000000 0.000000 0.000000 1.000000</float_array><technique_common><accessor source="#newVegas_Pelvis-Matrix-animation-output-transform-array" count="51" stride="16"><param type="float4x4"/></accessor></technique_common></source><source id="newVegas_Pelvis-Interpolations"><Name_array id="newVegas_Pelvis-Interpolations-array" count="51">
 LINEAR LINEAR LINEAR LINEAR LINEAR LINEAR LINEAR LINEAR LINEAR LINEAR LINEAR
LINEAR LINEAR LINEAR LINEAR LINEAR LINEAR LINEAR LINEAR LINEAR LINEAR LINEAR LINEAR
LINEAR LINEAR LINEAR LINEAR LINEAR LINEAR LINEAR LINEAR LINEAR LINEAR LINEAR LINEAR
LINEAR LINEAR LINEAR LINEAR LINEAR LINEAR LINEAR LINEAR LINEAR LINEAR LINEAR LINEAR
LINEAR LINEAR LINEAR LINEAR</Name_array><technique_common><accessor source="#newVegas_Pelvis-Interpolations-array" count="51"><param type="name"/></accessor></technique_common></source><sampler id="newVegas_Pelvis-Matrix-animation-transform"><input semantic="INPUT" source="#newVegas_Pelvis-Matrix-animation-input"/><input semantic="OUTPUT" source="#newVegas_Pelvis-Matrix-animation-output-transform"/><input semantic="INTERPOLATION" source="#newVegas_Pelvis-Interpolations"/></sampler><channel source="#newVegas_Pelvis-Matrix-animation-transform" target="newVegas_Pelvis/matrix"/></animation>
    <animation id="newVegas_LeftUpLeg-anim" name="newVegas_LeftUpLeg"><source id="newVegas_LeftUpLeg-Matrix-animation-input"><float_array id="newVegas_LeftUpLeg-Matrix-animation-input-array" count="51">

0.000000 0.033333 0.066667 0.100000 0.133333 0.166667 0.200000 0.233333 0.266667 0.300000 0.333333 0.366667 0.400000 0.433333 0.466667 0.500000
0.533333 0.566667 0.600000 0.633333 0.666667 0.700000 0.733333 0.766667 0.800000 0.833333 0.866667 0.900000 0.933333 0.966667 1.000000 1.033333
1.066667 1.100000 1.133333 1.166667 1.200000 1.233333 1.266667 1.300000 1.333333 1.366667 1.400000 1.433333 1.466667 1.500000 1.533333 1.566667
1.600000 1.633333 1.666667</float_array><technique_common><accessor source="#newVegas_LeftUpLeg-Matrix-animation-input-array" count="51"><param name="TIME" type="float"/></accessor></technique_common></source><source id="newVegas_LeftUpLeg-Matrix-animation-output-transform"><float_array id="newVegas_LeftUpLeg-Matrix-animation-output-transform-array" count="816">

0.989202 -0.145780 0.015117 18.735201 0.022509 0.253036 0.967195 -5.666700 -0.144823 -0.956411 0.253585 -4.541200 0.000000 0.000000 0.000000 1.000000
0.989157 -0.144657 -0.025341 18.735201 0.051563 0.180519 0.982219 -5.666700 -0.137510 -0.972876 0.186021 -4.541200 0.000000 0.000000 0.000000 1.000000
0.986729 -0.146393 -0.070251 18.735201 0.087359 0.113909 0.989643 -5.666700 -0.136875 -0.982646 0.125186 -4.541200 0.000000 0.000000 0.000000 1.000000
0.981503 -0.153012 -0.115058 18.735201 0.124925 0.056487 0.990557 -5.666700 -0.145068 -0.986609 0.074557 -4.541200 0.000000 0.000000 0.000000 1.000000
0.973622 -0.165177 -0.157406 18.735201 0.160759 0.007045 0.986969 -5.666700 -0.161915 -0.986239 0.033413 -4.541200 0.000000 0.000000 0.000000 1.000000
0.963741 -0.181889 -0.195245 18.735201 0.191787 -0.036584 0.980754 -5.666700 -0.185531 -0.982638 -0.000373 -4.541200 0.000000 0.000000 0.000000 1.000000
0.952351 -0.207143 -0.223873 18.735201 0.216552 -0.057668 0.974566 -5.666700 -0.214785 -0.976610 -0.010063 -4.541200 0.000000 0.000000 0.000000 1.000000
0.935401 -0.254677 -0.245285 18.735201 0.247323 -0.024513 0.968623 -5.666700 -0.252699 -0.966715 0.040058 -4.541200 0.000000 0.000000 0.000000 1.000000
0.918094 -0.316735 -0.238292 18.735201 0.271480 0.064459 0.960283 -5.666700 -0.288795 -0.946321 0.145167 -4.541200 0.000000 0.000000 0.000000 1.000000
0.927278 -0.330410 -0.176023 18.735201 0.225878 0.118817 0.966883 -5.666700 -0.298553 -0.936329 0.184808 -4.541200 0.000000 0.000000 0.000000 1.000000
0.937830 -0.333213 -0.097184 18.735201 0.167826 0.190231 0.967288 -5.666700 -0.303826 -0.923461 0.234326 -4.541200 0.000000 0.000000 0.000000 1.000000
0.944457 -0.327774 -0.023785 18.735201 0.115672 0.263809 0.957614 -5.666700 -0.307607 -0.907176 0.287070 -4.541200 0.000000 0.000000 0.000000 1.000000
0.950390 -0.306413 0.053577 18.735201 0.050953 0.323265 0.944936 -5.666700 -0.306860 -0.895327 0.322841 -4.541200 0.000000 0.000000 0.000000 1.000000
0.951738 -0.283488 0.117598 18.735201 -0.002757 0.375252 0.926919 -5.666700 -0.306899 -0.882508 0.356360 -4.541200 0.000000 0.000000 0.000000 1.000000
0.950125 -0.268574 0.158527 18.735201 -0.035175 0.412783 0.910150 -5.666700 -0.309880 -0.870332 0.382748 -4.541200 0.000000 0.000000 0.000000 1.000000
0.947026 -0.267014 0.178452 18.735201 -0.054488 0.414014 0.908638 -5.666700 -0.316501 -0.870228 0.377533 -4.541200 0.000000 0.000000 0.000000 1.000000
0.938483 -0.304900 0.162128 18.735201 -0.033906 0.385868 0.921931 -5.666700 -0.343657 -0.870713 0.351793 -4.541200 0.000000 0.000000 0.000000 1.000000
0.918191 -0.372783 0.134007 18.735201 0.010392 0.360835 0.932572 -5.666700 -0.396002 -0.854886 0.335190 -4.541200 0.000000 0.000000 0.000000 1.000000
0.891137 -0.446126 0.082748 18.735201 0.039267 0.257512 0.965477 -5.666700 -0.452033 -0.857123 0.246996 -4.541200 0.000000 0.000000 0.000000 1.000000
0.869327 -0.494216 -0.004589 18.735201 0.024018 0.032971 0.999168 -5.666700 -0.493654 -0.868714 0.040532 -4.541200 0.000000 0.000000 0.000000 1.000000
0.852760 -0.514239 -0.091421 18.735201 -0.031107 -0.224728 0.973925 -5.666700 -0.521375 -0.827681 -0.207636 -4.541200 0.000000 0.000000 0.000000 1.000000
0.853682 -0.502581 -0.136527 18.735201 -0.137427 -0.470250 0.871767 -5.666700 -0.502336 -0.725450 -0.470512 -4.541200 0.000000 0.000000 0.000000 1.000000
0.870665 -0.477602 -0.117636 18.735201 -0.260420 -0.650479 0.713483 -5.666700 -0.417281 -0.590571 -0.690727 -4.541200 0.000000 0.000000 0.000000 1.000000
0.883314 -0.466401 -0.047195 18.735201 -0.358502 -0.736952 0.573043 -5.666700 -0.302048 -0.489257 -0.818165 -4.541200 0.000000 0.000000 0.000000 1.000000
0.881120 -0.468359 0.065320 18.735201 -0.432738 -0.742871 0.510765 -5.666700 -0.190697 -0.478312 -0.857235 -4.541200 0.000000 0.000000 0.000000 1.000000
0.871270 -0.444182 0.208786 18.735201 -0.482142 -0.695020 0.533372 -5.666700 -0.091804 -0.565376 -0.819709 -4.541200 0.000000 0.000000 0.000000 1.000000
0.860927 -0.392214 0.323995 18.735201 -0.508379 -0.639692 0.576493 -5.666700 -0.018852 -0.661031 -0.750122 -4.541200 0.000000 0.000000 0.000000 1.000000
0.858662 -0.312307 0.406404 18.735201 -0.506796 -0.635750 0.582220 -5.666700 0.076540 -0.705894 -0.704170 -4.541200 0.000000 0.000000 0.000000 1.000000
0.862281 -0.195922 0.466997 18.735201 -0.478052 -0.619246 0.622897 -5.666700 0.167147 -0.760361 -0.627625 -4.541200 0.000000 0.000000 0.000000 1.000000
0.884364 -0.164946 0.436684 18.735201 -0.443311 -0.589771 0.675015 -5.666700 0.146203 -0.790546 -0.594695 -4.541200 0.000000 0.000000 0.000000 1.000000
0.915425 -0.207459 0.344903 18.735201 -0.400421 -0.556163 0.728248 -5.666700 0.040741 -0.804763 -0.592197 -4.541200 0.000000 0.000000 0.000000 1.000000
0.938332 -0.232619 0.255776 18.735201 -0.341768 -0.512335 0.787850 -5.666700 -0.052226 -0.826681 -0.560242 -4.541200 0.000000 0.000000 0.000000 1.000000
0.953265 -0.253877 0.163804 18.735201 -0.269792 -0.471211 0.839745 -5.666700 -0.136006 -0.844693 -0.517683 -4.541200 0.000000 0.000000 0.000000 1.000000
0.957327 -0.281263 0.066459 18.735201 -0.190424 -0.440887 0.877130 -5.666700 -0.217404 -0.852355 -0.475632 -4.541200 0.000000 0.000000 0.000000 1.000000
0.942670 -0.331240 -0.040652 18.735201 -0.111904 -0.428499 0.896586 -5.666700 -0.314405 -0.840636 -0.441000 -4.541200 0.000000 0.000000 0.000000 1.000000
0.909476 -0.394734 -0.130528 18.735201 -0.042436 -0.400450 0.915336 -5.666700 -0.413584 -0.826937 -0.380950 -4.541200 0.000000 0.000000 0.000000 1.000000
0.872556 -0.450626 -0.188632 18.735201 0.016565 -0.358620 0.933337 -5.666700 -0.488233 -0.817514 -0.305451 -4.541200 0.000000 0.000000 0.000000 1.000000
0.849335 -0.481503 -0.216298 18.735201 0.069256 -0.304576 0.949967 -5.666700 -0.523291 -0.821820 -0.225340 -4.541200 0.000000 0.000000 0.000000 1.000000
0.845030 -0.486402 -0.222120 18.735201 0.116340 -0.238202 0.964222 -5.666700 -0.521909 -0.840638 -0.144699 -4.541200 0.000000 0.000000 0.000000 1.000000
0.853664 -0.475575 -0.212336 18.735201 0.155143 -0.156987 0.975339 -5.666700 -0.497181 -0.865554 -0.060232 -4.541200 0.000000 0.000000 0.000000 1.000000
0.867530 -0.458483 -0.192835 18.735201 0.184859 -0.062715 0.980762 -5.666700 -0.461756 -0.886488 0.030347 -4.541200 0.000000 0.000000 0.000000 1.000000
0.881933 -0.441160 -0.166050 18.735201 0.205532 0.042878 0.977711 -5.666700 -0.424207 -0.896403 0.128488 -4.541200 0.000000 0.000000 0.000000 1.000000
0.893135 -0.430698 -0.129651 18.735201 0.216394 0.158753 0.963313 -5.666700 -0.394315 -0.888424 0.234988 -4.541200 0.000000 0.000000 0.000000 1.000000
0.895212 -0.437674 -0.083893 18.735201 0.222550 0.275971 0.935046 -5.666700 -0.386093 -0.855735 0.344457 -4.541200 0.000000 0.000000 0.000000 1.000000
0.892860 -0.449650 -0.024810 18.735201 0.220566 0.388612 0.894613 -5.666700 -0.392621 -0.804236 0.446153 -4.541200 0.000000 0.000000 0.000000 1.000000
0.892012 -0.450882 0.031924 18.735201 0.217109 0.489327 0.844644 -5.666700 -0.396456 -0.746501 0.534376 -4.541200 0.000000 0.000000 0.000000 1.000000
0.899842 -0.432013 0.060413 18.735201 0.219062 0.567295 0.793844 -5.666700 -0.377223 -0.701100 0.605113 -4.541200 0.000000 0.000000 0.000000 1.000000
0.911401 -0.408966 0.045781 18.735201 0.239482 0.617561 0.749177 -5.666700 -0.334660 -0.671837 0.660786 -4.541200 0.000000 0.000000 0.000000 1.000000
0.922318 -0.386399 0.004972 18.735201 0.264732 0.641172 0.720289 -5.666700 -0.281507 -0.663019 0.693657 -4.541200 0.000000 0.000000 0.000000 1.000000
0.934194 -0.355524 -0.029739 18.735201 0.268936 0.646988 0.713498 -5.666700 -0.234426 -0.674543 0.700026 -4.541200 0.000000 0.000000 0.000000 1.000000
0.941042 -0.335562 -0.042872 18.735201 0.261231 0.640302 0.722337 -5.666700 -0.214938 -0.690949 0.690211 -4.541200 0.000000 0.000000 0.000000 1.000000</float_array><technique_common><accessor source="#newVegas_LeftUpLeg-Matrix-animation-output-transform-array" count="51" stride="16"><param type="float4x4"/></accessor></technique_common></source><source id="newVegas_LeftUpLeg-Interpolations"><Name_array id="newVegas_LeftUpLeg-Interpolations-array" count="51">
 LINEAR LINEAR LINEAR LINEAR LINEAR LINEAR LINEAR LINEAR LINEAR LINEAR LINEAR
LINEAR LINEAR LINEAR LINEAR LINEAR LINEAR LINEAR LINEAR LINEAR LINEAR LINEAR LINEAR
LINEAR LINEAR LINEAR LINEAR LINEAR LINEAR LINEAR LINEAR LINEAR LINEAR LINEAR LINEAR
LINEAR LINEAR LINEAR LINEAR LINEAR LINEAR LINEAR LINEAR LINEAR LINEAR LINEAR LINEAR
LINEAR LINEAR LINEAR LINEAR</Name_array><technique_common><accessor source="#newVegas_LeftUpLeg-Interpolations-array" count="51"><param type="name"/></accessor></technique_common></source><sampler id="newVegas_LeftUpLeg-Matrix-animation-transform"><input semantic="INPUT" source="#newVegas_LeftUpLeg-Matrix-animation-input"/><input semantic="OUTPUT" source="#newVegas_LeftUpLeg-Matrix-animation-output-transform"/><input semantic="INTERPOLATION" source="#newVegas_LeftUpLeg-Interpolations"/></sampler><channel source="#newVegas_LeftUpLeg-Matrix-animation-transform" target="newVegas_LeftUpLeg/matrix"/></animation>
    <animation id="newVegas_LeftLeg-anim" name="newVegas_LeftLeg"><source id="newVegas_LeftLeg-Matrix-animation-input"><float_array id="newVegas_LeftLeg-Matrix-animation-input-array" count="51">

0.000000 0.033333 0.066667 0.100000 0.133333 0.166667 0.200000 0.233333 0.266667 0.300000 0.333333 0.366667 0.400000 0.433333 0.466667 0.500000
0.533333 0.566667 0.600000 0.633333 0.666667 0.700000 0.733333 0.766667 0.800000 0.833333 0.866667 0.900000 0.933333 0.966667 1.000000 1.033333
1.066667 1.100000 1.133333 1.166667 1.200000 1.233333 1.266667 1.300000 1.333333 1.366667 1.400000 1.433333 1.466667 1.500000 1.533333 1.566667
1.600000 1.633333 1.666667</float_array><technique_common><accessor source="#newVegas_LeftLeg-Matrix-animation-input-array" count="51"><param name="TIME" type="float"/></accessor></technique_common></source><source id="newVegas_LeftLeg-Matrix-animation-output-transform"><float_array id="newVegas_LeftLeg-Matrix-animation-output-transform-array" count="816">

0.953361 -0.022847 0.300967 2.165300 0.262265 -0.430849 -0.863474 -31.864700 0.149399 0.902135 -0.404762 0.493100 0.000000 0.000000 0.000000 1.000000
0.950695 -0.018988 0.309546 2.165300 0.267263 -0.456163 -0.848814 -31.864700 0.157321 0.889693 -0.428597 0.493100 0.000000 0.000000 0.000000 1.000000
0.951267 -0.011563 0.308150 2.165300 0.262399 -0.494554 -0.828591 -31.864700 0.161978 0.869070 -0.467419 0.493100 0.000000 0.000000 0.000000 1.000000
0.956555 -0.000580 0.291550 2.165300 0.245355 -0.538577 -0.806062 -31.864700 0.157490 0.842576 -0.515036 0.493100 0.000000 0.000000 0.000000 1.000000
0.964126 0.010789 0.265227 2.165300 0.222500 -0.577742 -0.785308 -31.864700 0.144760 0.816148 -0.559416 0.493100 0.000000 0.000000 0.000000 1.000000
0.970251 0.019354 0.241325 2.165300 0.202765 -0.609613 -0.766328 -31.864700 0.132283 0.792463 -0.595402 0.493100 0.000000 0.000000 0.000000 1.000000
0.973714 0.023953 0.226511 2.165300 0.189919 -0.634377 -0.749331 -31.864700 0.125745 0.772653 -0.622251 0.493100 0.000000 0.000000 0.000000 1.000000
0.977995 0.027211 0.206845 2.165300 0.174718 -0.648646 -0.740764 -31.864700 0.114012 0.760603 -0.639128 0.493100 0.000000 0.000000 0.000000 1.000000
0.983082 0.027888 0.181029 2.165300 0.156016 -0.645282 -0.747843 -31.864700 0.095959 0.763435 -0.638717 0.493100 0.000000 0.000000 0.000000 1.000000
0.974073 0.013911 0.225807 2.165300 0.184341 -0.627415 -0.756550 -31.864700 0.131150 0.778561 -0.613712 0.493100 0.000000 0.000000 0.000000 1.000000
0.969717 0.003608 0.244205 2.165300 0.198645 -0.593366 -0.780037 -31.864700 0.142089 0.804925 -0.576114 0.493100 0.000000 0.000000 0.000000 1.000000
0.971949 -0.001541 0.235187 2.165300 0.196624 -0.543373 -0.816140 -31.864700 0.129052 0.839490 -0.527827 0.493100 0.000000 0.000000 0.000000 1.000000
0.969211 -0.008775 0.246075 2.165300 0.213748 -0.466130 -0.858507 -31.864700 0.122236 0.884673 -0.449903 0.493100 0.000000 0.000000 0.000000 1.000000
0.968765 -0.016323 0.247443 2.165300 0.226571 -0.347332 -0.909960 -31.864700 0.100799 0.937600 -0.332784 0.493100 0.000000 0.000000 0.000000 1.000000
0.969747 -0.021871 0.243129 2.165300 0.233665 -0.205062 -0.950447 -31.864700 0.070643 0.978505 -0.193748 0.493100 0.000000 0.000000 0.000000 1.000000
0.964614 -0.024579 0.262518 2.165300 0.261733 -0.031083 -0.964640 -31.864700 0.031869 0.999215 -0.023550 0.493100 0.000000 0.000000 0.000000 1.000000
0.957396 -0.017873 0.288224 2.165300 0.286178 0.192344 -0.938672 -31.864700 -0.038662 0.981165 0.189264 0.493100 0.000000 0.000000 0.000000 1.000000
0.959456 0.006927 0.281772 2.165300 0.253543 0.415484 -0.873549 -31.864700 -0.123123 0.909574 0.396883 0.493100 0.000000 0.000000 0.000000 1.000000
0.953131 0.041241 0.299734 2.165300 0.244337 0.479348 -0.842927 -31.864700 -0.178441 0.876655 0.446804 0.493100 0.000000 0.000000 0.000000 1.000000
0.959290 0.070381 0.273512 2.165300 0.228312 0.376799 -0.897717 -31.864700 -0.166241 0.923617 0.345391 0.493100 0.000000 0.000000 0.000000 1.000000
0.962191 0.067031 0.264001 2.165300 0.248015 0.185061 -0.950916 -31.864700 -0.112597 0.980438 0.161439 0.493100 0.000000 0.000000 0.000000 1.000000
0.969967 0.034529 0.240772 2.165300 0.240749 0.004899 -0.970575 -31.864700 -0.034692 0.999392 -0.003560 0.493100 0.000000 0.000000 0.000000 1.000000
0.979931 0.017986 0.198525 2.165300 0.199259 -0.116467 -0.973001 -31.864700 0.005621 0.993032 -0.117714 0.493100 0.000000 0.000000 0.000000 1.000000
0.982889 0.060833 0.173864 2.165300 0.182679 -0.200908 -0.962426 -31.864700 -0.023616 0.977719 -0.208583 0.493100 0.000000 0.000000 0.000000 1.000000
0.979239 0.145008 0.141644 2.165300 0.170482 -0.211116 -0.962479 -31.864700 -0.109664 0.966645 -0.231454 0.493100 0.000000 0.000000 0.000000 1.000000
0.976438 0.211876 0.040954 2.165300 0.062673 -0.096828 -0.993326 -31.864700 -0.206496 0.972488 -0.107825 0.493100 0.000000 0.000000 0.000000 1.000000
0.971954 0.232559 -0.034957 2.165300 -0.062445 0.111905 -0.991755 -31.864700 -0.226730 0.966123 0.123288 0.493100 0.000000 0.000000 0.000000 1.000000
0.972556 0.231756 -0.020610 2.165300 -0.057825 0.154956 -0.986228 -31.864700 -0.225371 0.960353 0.164104 0.493100 0.000000 0.000000 0.000000 1.000000
0.970413 0.218982 0.101717 2.165300 0.058837 0.194111 -0.979214 -31.864700 -0.234175 0.956226 0.175483 0.493100 0.000000 0.000000 0.000000 1.000000
0.952461 0.212367 0.218446 2.165300 0.169123 0.227834 -0.958900 -31.864700 -0.253408 0.950259 0.181087 0.493100 0.000000 0.000000 0.000000 1.000000
0.941135 0.221905 0.254997 2.165300 0.223820 0.156235 -0.962027 -31.864700 -0.253318 0.962470 0.097371 0.493100 0.000000 0.000000 0.000000 1.000000
0.944379 0.212075 0.251340 2.165300 0.231285 0.115005 -0.966065 -31.864700 -0.233783 0.970463 0.059559 0.493100 0.000000 0.000000 0.000000 1.000000
0.952689 0.184421 0.241605 2.165300 0.227647 0.093762 -0.969219 -31.864700 -0.201398 0.978365 0.047343 0.493100 0.000000 0.000000 0.000000 1.000000
0.961561 0.155649 0.226217 2.165300 0.217299 0.072335 -0.973421 -31.864700 -0.167875 0.985160 0.035732 0.493100 0.000000 0.000000 0.000000 1.000000
0.967779 0.137907 0.210679 2.165300 0.207198 0.039295 -0.977510 -31.864700 -0.143084 0.989665 0.009454 0.493100 0.000000 0.000000 0.000000 1.000000
0.972380 0.133855 0.191209 2.165300 0.189871 0.022811 -0.981544 -31.864700 -0.135746 0.990738 -0.003234 0.493100 0.000000 0.000000 0.000000 1.000000
0.975593 0.137360 0.171319 2.165300 0.170085 0.020758 -0.985211 -31.864700 -0.138884 0.990304 -0.003112 0.493100 0.000000 0.000000 0.000000 1.000000
0.982233 0.141401 0.123383 2.165300 0.119825 0.033435 -0.992232 -31.864700 -0.144428 0.989388 0.015898 0.493100 0.000000 0.000000 0.000000 1.000000
0.988068 0.142995 0.057211 2.165300 0.048385 0.064458 -0.996747 -31.864700 -0.146218 0.987622 0.056770 0.493100 0.000000 0.000000 0.000000 1.000000
0.989980 0.141182 0.002722 2.165300 -0.014532 0.121034 -0.992542 -31.864700 -0.140458 0.982557 0.121873 0.493100 0.000000 0.000000 0.000000 1.000000
0.990254 0.135720 -0.031273 2.165300 -0.057926 0.197136 -0.978663 -31.864700 -0.126659 0.970936 0.203076 0.493100 0.000000 0.000000 0.000000 1.000000
0.991172 0.126337 -0.040210 2.165300 -0.075440 0.288016 -0.954650 -31.864700 -0.109026 0.949255 0.295004 0.493100 0.000000 0.000000 0.000000 1.000000
0.992886 0.114991 -0.030894 2.165300 -0.073303 0.385861 -0.919640 -31.864700 -0.093830 0.915362 0.391546 0.493100 0.000000 0.000000 0.000000 1.000000
0.993864 0.105784 -0.032320 2.165300 -0.079734 0.482644 -0.872180 -31.864700 -0.076663 0.869405 0.488117 0.493100 0.000000 0.000000 0.000000 1.000000
0.994177 0.096369 -0.048220 2.165300 -0.094648 0.566987 -0.818271 -31.864700 -0.051516 0.818070 0.572807 0.493100 0.000000 0.000000 0.000000 1.000000
0.994927 0.077690 -0.063916 2.165300 -0.098836 0.636277 -0.765104 -31.864700 -0.018772 0.767539 0.640727 0.493100 0.000000 0.000000 0.000000 1.000000
0.997589 0.042320 -0.054993 2.165300 -0.068994 0.689674 -0.720826 -31.864700 0.007422 0.722882 0.690931 0.493100 0.000000 0.000000 0.000000 1.000000
0.999929 -0.002372 -0.011658 2.165300 -0.006092 0.739546 -0.673079 -31.864700 0.010218 0.673102 0.739479 0.493100 0.000000 0.000000 0.000000 1.000000
0.999255 -0.036922 0.011249 2.165300 0.035819 0.778479 -0.626648 -31.864700 0.014380 0.626584 0.779221 0.493100 0.000000 0.000000 0.000000 1.000000
0.998666 -0.049431 0.014915 2.165300 0.048066 0.784578 -0.618164 -31.864700 0.018855 0.618056 0.785908 0.493100 0.000000 0.000000 0.000000 1.000000
0.999011 -0.037797 -0.023400 2.165300 0.014673 0.777253 -0.629018 -31.864700 0.041963 0.628052 0.777039 0.493100 0.000000 0.000000 0.000000 1.000000</float_array><technique_common><accessor source="#newVegas_LeftLeg-Matrix-animation-output-transform-array" count="51" stride="16"><param type="float4x4"/></accessor></technique_common></source><source id="newVegas_LeftLeg-Interpolations"><Name_array id="newVegas_LeftLeg-Interpolations-array" count="51">
 LINEAR LINEAR LINEAR LINEAR LINEAR LINEAR LINEAR LINEAR LINEAR LINEAR LINEAR
LINEAR LINEAR LINEAR LINEAR LINEAR LINEAR LINEAR LINEAR LINEAR LINEAR LINEAR LINEAR
LINEAR LINEAR LINEAR LINEAR LINEAR LINEAR LINEAR LINEAR LINEAR LINEAR LINEAR LINEAR
LINEAR LINEAR LINEAR LINEAR LINEAR LINEAR LINEAR LINEAR LINEAR LINEAR LINEAR LINEAR
LINEAR LINEAR LINEAR LINEAR</Name_array><technique_common><accessor source="#newVegas_LeftLeg-Interpolations-array" count="51"><param type="name"/></accessor></technique_common></source><sampler id="newVegas_LeftLeg-Matrix-animation-transform"><input semantic="INPUT" source="#newVegas_LeftLeg-Matrix-animation-input"/><input semantic="OUTPUT" source="#newVegas_LeftLeg-Matrix-animation-output-transform"/><input semantic="INTERPOLATION" source="#newVegas_LeftLeg-Interpolations"/></sampler><channel source="#newVegas_LeftLeg-Matrix-animation-transform" target="newVegas_LeftLeg/matrix"/></animation>
    <animation id="newVegas_LeftFoot-anim" name="newVegas_LeftFoot"><source id="newVegas_LeftFoot-Matrix-animation-input"><float_array id="newVegas_LeftFoot-Matrix-animation-input-array" count="51">

