<?xml version="1.0" encoding="utf-8"?>
<COLLADA xmlns="http://www.collada.org/2005/11/COLLADASchema" version="1.4.1">
  <asset><contributor><author>Mixamo</author><authoring_tool>COLLADA Mixamo exporter</authoring_tool><comments></comments></contributor><created>2021-07-21T15:01:31Z</created><modified>2021-07-21T15:01:31Z</modified><revision></revision><title></title><unit meter="0.010000"/><up_axis>Y_UP</up_axis></asset>
  <library_animations>
    <animation id="newVegas_Hips-anim" name="newVegas_Hips"><source id="newVegas_Hips-Matrix-animation-input"><float_array id="newVegas_Hips-Matrix-animation-input-array" count="44">

0.000000 0.033333 0.066667 0.100000 0.133333 0.166667 0.200000 0.233333 0.266667 0.300000 0.333333 0.366667 0.400000 0.433333 0.466667 0.500000
0.533333 0.566667 0.600000 0.633333 0.666667 0.700000 0.733333 0.766667 0.800000 0.833333 0.866667 0.900000 0.933333 0.966667 1.000000 1.033333
1.066667 1.100000 1.133333 1.166667 1.200000 1.233333 1.266667 1.300000 1.333333 1.366667 1.400000 1.433333</float_array><technique_common><accessor source="#newVegas_Hips-Matrix-animation-input-array" count="44"><param name="TIME" type="float"/></accessor></technique_common></source><source id="newVegas_Hips-Matrix-animation-output-transform"><float_array id="newVegas_Hips-Matrix-animation-output-transform-array" count="704">

0.999626 0.010256 0.025350 0.191514 -0.011860 0.997883 0.063951 93.593079 -0.024640 -0.064228 0.997631 4.339969 0.000000 0.000000 0.000000 1.000000
0.999309 0.008677 0.036143 0.034283 -0.011207 0.997456 0.070403 94.450752 -0.035440 -0.070760 0.996864 3.816870 0.000000 0.000000 0.000000 1.000000
0.998905 0.008675 0.045978 -0.095107 -0.012096 0.997136 0.074656 95.066223 -0.045199 -0.075130 0.996149 3.250324 0.000000 0.000000 0.000000 1.000000
0.998444 0.011899 0.054474 -0.210247 -0.015932 0.997116 0.074208 95.353683 -0.053434 -0.074960 0.995754 2.754826 0.000000 0.000000 0.000000 1.000000
0.997923 0.021115 0.060859 -0.290983 -0.025056 0.997587 0.064742 94.984444 -0.059345 -0.066133 0.996045 2.406796 0.000000 0.000000 0.000000 1.000000
0.997242 0.035795 0.065014 -0.267817 -0.039375 0.997729 0.054643 94.032791 -0.062910 -0.057052 0.996387 2.260423 0.000000 0.000000 0.000000 1.000000
0.996430 0.049100 0.068681 -0.122914 -0.052414 0.997505 0.047301 92.849945 -0.066187 -0.050732 0.996517 2.265737 0.000000 0.000000 0.000000 1.000000
0.995749 0.054197 0.074476 0.122358 -0.057338 0.997525 0.040701 91.896477 -0.072086 -0.044798 0.996392 2.270758 0.000000 0.000000 0.000000 1.000000
0.995367 0.051931 0.080913 0.510938 -0.054869 0.997896 0.034525 91.276176 -0.078949 -0.038805 0.996123 2.374382 0.000000 0.000000 0.000000 1.000000
0.995469 0.042167 0.085231 1.095941 -0.044789 0.998573 0.029085 91.055702 -0.083883 -0.032770 0.995937 2.734657 0.000000 0.000000 0.000000 1.000000
0.996072 0.031766 0.082656 1.913467 -0.033935 0.999112 0.024971 90.984833 -0.081790 -0.027678 0.996265 3.514579 0.000000 0.000000 0.000000 1.000000
0.997093 0.021290 0.073159 2.923038 -0.022905 0.999511 0.021300 90.958015 -0.072670 -0.022914 0.997093 4.604977 0.000000 0.000000 0.000000 1.000000
0.998328 0.008864 0.057117 4.034966 -0.010073 0.999730 0.020920 91.079750 -0.056916 -0.021460 0.998148 5.679804 0.000000 0.000000 0.000000 1.000000
0.999397 -0.006572 0.034092 5.159139 0.005594 0.999573 0.028696 91.209602 -0.034266 -0.028488 0.999007 6.462050 0.000000 0.000000 0.000000 1.000000
0.999682 -0.024521 0.005828 6.171667 0.024232 0.998677 0.045359 91.027145 -0.006933 -0.045203 0.998954 6.808203 0.000000 0.000000 0.000000 1.000000
0.998853 -0.041627 -0.023669 6.998313 0.043068 0.997018 0.064037 90.557121 0.020933 -0.064983 0.997667 6.807653 0.000000 0.000000 0.000000 1.000000
0.997272 -0.052934 -0.051435 7.719296 0.056800 0.995423 0.076860 90.242920 0.047131 -0.079571 0.995714 6.694427 0.000000 0.000000 0.000000 1.000000
0.995487 -0.057620 -0.075399 8.394571 0.063806 0.994556 0.082381 90.279114 0.070242 -0.086820 0.993745 6.601291 0.000000 0.000000 0.000000 1.000000
0.993961 -0.058477 -0.092858 8.982617 0.066374 0.994222 0.084364 90.607178 0.087388 -0.090017 0.992099 6.485818 0.000000 0.000000 0.000000 1.000000
0.993197 -0.056643 -0.101744 9.476967 0.065624 0.994026 0.087213 91.260811 0.096197 -0.093297 0.990980 6.232503 0.000000 0.000000 0.000000 1.000000
0.993247 -0.051754 -0.103835 9.867578 0.061498 0.993770 0.092951 92.189980 0.098377 -0.098709 0.990242 5.798033 0.000000 0.000000 0.000000 1.000000
0.993606 -0.044275 -0.103862 10.146449 0.054809 0.993390 0.100858 93.158157 0.098710 -0.105906 0.989465 5.258742 0.000000 0.000000 0.000000 1.000000
0.993842 -0.035549 -0.104954 10.333648 0.046878 0.993096 0.107532 93.869896 0.100407 -0.111790 0.988646 4.714701 0.000000 0.000000 0.000000 1.000000
0.993785 -0.028636 -0.107566 10.478297 0.040290 0.993357 0.107788 94.360275 0.103765 -0.111452 0.988338 4.182981 0.000000 0.000000 0.000000 1.000000
0.993487 -0.026684 -0.110778 10.611723 0.037704 0.994412 0.098603 94.543442 0.107528 -0.102138 0.988942 3.628375 0.000000 0.000000 0.000000 1.000000
0.993140 -0.030291 -0.112942 10.732693 0.039601 0.995918 0.081118 94.355728 0.110024 -0.085034 0.990285 3.064499 0.000000 0.000000 0.000000 1.000000
0.992984 -0.037680 -0.112081 10.778049 0.044400 0.997324 0.058080 93.780434 0.109593 -0.062649 0.992000 2.548981 0.000000 0.000000 0.000000 1.000000
0.993101 -0.047551 -0.107184 10.637419 0.051311 0.998151 0.032591 92.809166 0.105436 -0.037866 0.993705 2.180472 0.000000 0.000000 0.000000 1.000000
0.993202 -0.061878 -0.098591 10.244302 0.063100 0.997964 0.009323 91.396523 0.097813 -0.015481 0.995084 2.096124 0.000000 0.000000 0.000000 1.000000
0.993355 -0.065971 -0.094308 9.786085 0.065404 0.997817 -0.009090 90.359566 0.094702 0.002862 0.995502 1.978607 0.000000 0.000000 0.000000 1.000000
0.993663 -0.058893 -0.095739 9.297696 0.057092 0.998139 -0.021445 90.049110 0.096824 0.015843 0.995175 1.842941 0.000000 0.000000 0.000000 1.000000
0.993930 -0.047365 -0.099291 8.650392 0.044889 0.998626 -0.027031 90.250969 0.100435 0.022410 0.994691 2.200313 0.000000 0.000000 0.000000 1.000000
0.994559 -0.038037 -0.096987 7.782267 0.035707 0.999033 -0.025650 90.372421 0.097869 0.022047 0.994955 2.967470 0.000000 0.000000 0.000000 1.000000
0.995603 -0.028093 -0.089359 6.722239 0.026569 0.999481 -0.018202 90.423462 0.089824 0.015748 0.995833 3.838510 0.000000 0.000000 0.000000 1.000000
0.996774 -0.017833 -0.078259 5.540067 0.017422 0.999831 -0.005937 90.425980 0.078352 0.004554 0.996915 4.672679 0.000000 0.000000 0.000000 1.000000
0.997839 -0.003932 -0.065584 4.402338 0.004484 0.999956 0.008266 90.174950 0.065549 -0.008542 0.997813 5.249834 0.000000 0.000000 0.000000 1.000000
0.998513 0.012234 -0.053123 3.470637 -0.011125 0.999715 0.021116 89.537750 0.053366 -0.020493 0.998365 5.485996 0.000000 0.000000 0.000000 1.000000
0.998740 0.026302 -0.042734 2.755973 -0.025009 0.999221 0.030513 88.970963 0.043503 -0.029406 0.998620 5.537352 0.000000 0.000000 0.000000 1.000000
0.998975 0.031063 -0.032936 2.125528 -0.029871 0.998902 0.036086 88.947235 0.034021 -0.035065 0.998806 5.606565 0.000000 0.000000 0.000000 1.000000
0.999393 0.027358 -0.021568 1.547927 -0.026494 0.998873 0.039385 89.519600 0.022621 -0.038790 0.998991 5.633270 0.000000 0.000000 0.000000 1.000000
0.999732 0.020965 -0.009842 1.067941 -0.020521 0.998855 0.043224 90.439850 0.010737 -0.043011 0.999017 5.507738 0.000000 0.000000 0.000000 1.000000
0.999868 0.016102 0.002242 0.689288 -0.016194 0.998616 0.050037 91.544914 -0.001433 -0.050067 0.998745 5.217217 0.000000 0.000000 0.000000 1.000000
0.999820 0.012651 0.014119 0.403445 -0.013439 0.998274 0.057177 92.613625 -0.013371 -0.057357 0.998264 4.814911 0.000000 0.000000 0.000000 1.000000
0.999626 0.010255 0.025350 0.184849 -0.011859 0.997883 0.063951 93.593163 -0.024640 -0.064228 0.997631 4.339992 0.000000 0.000000 0.000000 1.000000</float_array><technique_common><accessor source="#newVegas_Hips-Matrix-animation-output-transform-array" count="44" stride="16"><param type="float4x4"/></accessor></technique_common></source><source id="newVegas_Hips-Interpolations"><Name_array id="newVegas_Hips-Interpolations-array" count="44">
 LINEAR LINEAR LINEAR LINEAR LINEAR LINEAR LINEAR LINEAR LINEAR LINEAR LINEAR
LINEAR LINEAR LINEAR LINEAR LINEAR LINEAR LINEAR LINEAR LINEAR LINEAR LINEAR LINEAR
LINEAR LINEAR LINEAR LINEAR LINEAR LINEAR LINEAR LINEAR LINEAR LINEAR LINEAR LINEAR
LINEAR LINEAR LINEAR LINEAR LINEAR LINEAR LINEAR LINEAR LINEAR</Name_array><technique_common><accessor source="#newVegas_Hips-Interpolations-array" count="44"><param type="name"/></accessor></technique_common></source><sampler id="newVegas_Hips-Matrix-animation-transform"><input semantic="INPUT" source="#newVegas_Hips-Matrix-animation-input"/><input semantic="OUTPUT" source="#newVegas_Hips-Matrix-animation-output-transform"/><input semantic="INTERPOLATION" source="#newVegas_Hips-Interpolations"/></sampler><channel source="#newVegas_Hips-Matrix-animation-transform" target="newVegas_Hips/matrix"/></animation>
    <animation id="newVegas_Pelvis-anim" name="newVegas_Pelvis"><source id="newVegas_Pelvis-Matrix-animation-input"><float_array id="newVegas_Pelvis-Matrix-animation-input-array" count="44">

0.000000 0.033333 0.066667 0.100000 0.133333 0.166667 0.200000 0.233333 0.266667 0.300000 0.333333 0.366667 0.400000 0.433333 0.466667 0.500000
0.533333 0.566667 0.600000 0.633333 0.666667 0.700000 0.733333 0.766667 0.800000 0.833333 0.866667 0.900000 0.933333 0.966667 1.000000 1.033333
1.066667 1.100000 1.133333 1.166667 1.200000 1.233333 1.266667 1.300000 1.333333 1.366667 1.400000 1.433333</float_array><technique_common><accessor source="#newVegas_Pelvis-Matrix-animation-input-array" count="44"><param name="TIME" type="float"/></accessor></technique_common></source><source id="newVegas_Pelvis-Matrix-animation-output-transform"><float_array id="newVegas_Pelvis-Matrix-animation-output-transform-array" count="704">

1.000000 -0.000000 0.000000 0.000000 0.000000 1.000000 -0.000000 0.000000 0.000000 0.000000 1.000000 0.000000 0.000000 0.000000 0.000000 1.000000
1.000000 -0.000000 0.000000 0.000000 0.000000 1.000000 0.000000 0.000000 0.000000 0.000000 1.000000 0.000000 0.000000 0.000000 0.000000 1.000000
1.000000 0.000000 -0.000000 0.000000 0.000000 1.000000 0.000000 0.000000 0.000000 0.000000 1.000000 0.000000 0.000000 0.000000 0.000000 1.000000
1.000000 0.000000 0.000000 0.000000 0.000000 1.000000 0.000000 0.000000 0.000000 0.000000 1.000000 0.000000 0.000000 0.000000 0.000000 1.000000
1.000000 0.000000 0.000000 0.000000 0.000000 1.000000 0.000000 0.000000 -0.000000 0.000000 1.000000 0.000000 0.000000 0.000000 0.000000 1.000000
1.000000 0.000000 0.000000 0.000000 -0.000000 1.000000 0.000000 0.000000 0.000000 -0.000000 1.000000 0.000000 0.000000 0.000000 0.000000 1.000000
1.000000 -0.000000 0.000000 0.000000 -0.000000 1.000000 0.000000 0.000000 0.000000 0.000000 1.000000 0.000000 0.000000 0.000000 0.000000 1.000000
1.000000 -0.000000 0.000000 0.000000 -0.000000 1.000000 0.000000 0.000000 -0.000000 0.000000 1.000000 0.000000 0.000000 0.000000 0.000000 1.000000
1.000000 -0.000000 0.000000 0.000000 0.000000 1.000000 -0.000000 0.000000 0.000000 0.000000 1.000000 0.000000 0.000000 0.000000 0.000000 1.000000
1.000000 -0.000000 0.000000 0.000000 -0.000000 1.000000 0.000000 0.000000 0.000000 0.000000 1.000000 0.000000 0.000000 0.000000 0.000000 1.000000
1.000000 0.000000 0.000000 0.000000 -0.000000 1.000000 -0.000000 0.000000 -0.000000 0.000000 1.000000 0.000000 0.000000 0.000000 0.000000 1.000000
1.000000 0.000000 -0.000000 0.000000 -0.000000 1.000000 0.000000 0.000000 0.000000 -0.000000 1.000000 0.000000 0.000000 0.000000 0.000000 1.000000
1.000000 0.000000 0.000000 0.000000 -0.000000 1.000000 0.000000 0.000000 0.000000 0.000000 1.000000 0.000000 0.000000 0.000000 0.000000 1.000000
1.000000 -0.000000 0.000000 0.000000 -0.000000 1.000000 0.000000 0.000000 0.000000 -0.000000 1.000000 0.000000 0.000000 0.000000 0.000000 1.000000
1.000000 0.000000 0.000000 0.000000 -0.000000 1.000000 0.000000 0.000000 -0.000000 0.000000 1.000000 0.000000 0.000000 0.000000 0.000000 1.000000
1.000000 0.000000 -0.000000 0.000000 0.000000 1.000000 -0.000000 0.000000 0.000000 -0.000000 1.000000 0.000000 0.000000 0.000000 0.000000 1.000000
1.000000 -0.000000 -0.000000 0.000000 -0.000000 1.000000 0.000000 0.000000 -0.000000 0.000000 1.000000 0.000000 0.000000 0.000000 0.000000 1.000000
1.000000 0.000000 0.000000 0.000000 0.000000 1.000000 0.000000 0.000000 -0.000000 -0.000000 1.000000 0.000000 0.000000 0.000000 0.000000 1.000000
1.000000 0.000000 0.000000 0.000000 0.000000 1.000000 0.000000 0.000000 -0.000000 0.000000 1.000000 0.000000 0.000000 0.000000 0.000000 1.000000
1.000000 0.000000 0.000000 0.000000 0.000000 1.000000 0.000000 0.000000 0.000000 -0.000000 1.000000 0.000000 0.000000 0.000000 0.000000 1.000000
1.000000 -0.000000 0.000000 0.000000 -0.000000 1.000000 -0.000000 0.000000 -0.000000 0.000000 1.000000 0.000000 0.000000 0.000000 0.000000 1.000000
1.000000 0.000000 0.000000 0.000000 -0.000000 1.000000 -0.000000 0.000000 0.000000 0.000000 1.000000 0.000000 0.000000 0.000000 0.000000 1.000000
1.000000 0.000000 -0.000000 0.000000 0.000000 1.000000 0.000000 0.000000 0.000000 0.000000 1.000000 0.000000 0.000000 0.000000 0.000000 1.000000
1.000000 0.000000 0.000000 0.000000 0.000000 1.000000 0.000000 0.000000 -0.000000 0.000000 1.000000 0.000000 0.000000 0.000000 0.000000 1.000000
1.000000 -0.000000 0.000000 0.000000 -0.000000 1.000000 -0.000000 0.000000 0.000000 -0.000000 1.000000 0.000000 0.000000 0.000000 0.000000 1.000000
1.000000 0.000000 0.000000 0.000000 0.000000 1.000000 0.000000 0.000000 0.000000 0.000000 1.000000 0.000000 0.000000 0.000000 0.000000 1.000000
1.000000 -0.000000 -0.000000 0.000000 -0.000000 1.000000 0.000000 0.000000 0.000000 0.000000 1.000000 0.000000 0.000000 0.000000 0.000000 1.000000
1.000000 -0.000000 0.000000 0.000000 0.000000 1.000000 0.000000 0.000000 -0.000000 -0.000000 1.000000 0.000000 0.000000 0.000000 0.000000 1.000000
1.000000 -0.000000 -0.000000 0.000000 0.000000 1.000000 0.000000 0.000000 0.000000 0.000000 1.000000 0.000000 0.000000 0.000000 0.000000 1.000000
1.000000 0.000000 0.000000 0.000000 -0.000000 1.000000 0.000000 0.000000 0.000000 -0.000000 1.000000 0.000000 0.000000 0.000000 0.000000 1.000000
1.000000 -0.000000 0.000000 0.000000 0.000000 1.000000 0.000000 0.000000 0.000000 0.000000 1.000000 0.000000 0.000000 0.000000 0.000000 1.000000
1.000000 0.000000 -0.000000 0.000000 0.000000 1.000000 0.000000 0.000000 -0.000000 -0.000000 1.000000 0.000000 0.000000 0.000000 0.000000 1.000000
1.000000 -0.000000 -0.000000 0.000000 0.000000 1.000000 0.000000 0.000000 0.000000 -0.000000 1.000000 0.000000 0.000000 0.000000 0.000000 1.000000
1.000000 0.000000 0.000000 0.000000 0.000000 1.000000 0.000000 0.000000 0.000000 0.000000 1.000000 0.000000 0.000000 0.000000 0.000000 1.000000
1.000000 -0.000000 0.000000 0.000000 -0.000000 1.000000 0.000000 0.000000 0.000000 0.000000 1.000000 0.000000 0.000000 0.000000 0.000000 1.000000
1.000000 -0.000000 -0.000000 0.000000 0.000000 1.000000 0.000000 0.000000 0.000000 -0.000000 1.000000 0.000000 0.000000 0.000000 0.000000 1.000000
1.000000 0.000000 0.000000 0.000000 -0.000000 1.000000 0.000000 0.000000 0.000000 -0.000000 1.000000 0.000000 0.000000 0.000000 0.000000 1.000000
1.000000 -0.000000 0.000000 0.000000 -0.000000 1.000000 0.000000 0.000000 0.000000 0.000000 1.000000 0.000000 0.000000 0.000000 0.000000 1.000000
1.000000 0.000000 0.000000 0.000000 -0.000000 1.000000 0.000000 0.000000 -0.000000 0.000000 1.000000 0.000000 0.000000 0.000000 0.000000 1.000000
1.000000 -0.000000 -0.000000 0.000000 0.000000 1.000000 0.000000 0.000000 0.000000 0.000000 1.000000 0.000000 0.000000 0.000000 0.000000 1.000000
1.000000 0.000000 -0.000000 0.000000 0.000000 1.000000 -0.000000 0.000000 0.000000 0.000000 1.000000 0.000000 0.000000 0.000000 0.000000 1.000000
1.000000 -0.000000 -0.000000 0.000000 0.000000 1.000000 0.000000 0.000000 0.000000 0.000000 1.000000 0.000000 0.000000 0.000000 0.000000 1.000000
1.000000 -0.000000 -0.000000 0.000000 0.000000 1.000000 0.000000 0.000000 0.000000 -0.000000 1.000000 0.000000 0.000000 0.000000 0.000000 1.000000
1.000000 0.000000 -0.000000 0.000000 -0.000000 1.000000 0.000000 0.000000 0.000000 -0.000000 1.000000 0.000000 0.000000 0.000000 0.000000 1.000000</float_array><technique_common><accessor source="#newVegas_Pelvis-Matrix-animation-output-transform-array" count="44" stride="16"><param type="float4x4"/></accessor></technique_common></source><source id="newVegas_Pelvis-Interpolations"><Name_array id="newVegas_Pelvis-Interpolations-array" count="44">
 LINEAR LINEAR LINEAR LINEAR LINEAR LINEAR LINEAR LINEAR LINEAR LINEAR LINEAR
LINEAR LINEAR LINEAR LINEAR LINEAR LINEAR LINEAR LINEAR LINEAR LINEAR LINEAR LINEAR
LINEAR LINEAR LINEAR LINEAR LINEAR LINEAR LINEAR LINEAR LINEAR LINEAR LINEAR LINEAR
LINEAR LINEAR LINEAR LINEAR LINEAR LINEAR LINEAR LINEAR LINEAR</Name_array><technique_common><accessor source="#newVegas_Pelvis-Interpolations-array" count="44"><param type="name"/></accessor></technique_common></source><sampler id="newVegas_Pelvis-Matrix-animation-transform"><input semantic="INPUT" source="#newVegas_Pelvis-Matrix-animation-input"/><input semantic="OUTPUT" source="#newVegas_Pelvis-Matrix-animation-output-transform"/><input semantic="INTERPOLATION" source="#newVegas_Pelvis-Interpolations"/></sampler><channel source="#newVegas_Pelvis-Matrix-animation-transform" target="newVegas_Pelvis/matrix"/></animation>
    <animation id="newVegas_LeftUpLeg-anim" name="newVegas_LeftUpLeg"><source id="newVegas_LeftUpLeg-Matrix-animation-input"><float_array id="newVegas_LeftUpLeg-Matrix-animation-input-array" count="44">

0.000000 0.033333 0.066667 0.100000 0.133333 0.166667 0.200000 0.233333 0.266667 0.300000 0.333333 0.366667 0.400000 0.433333 0.466667 0.500000
0.533333 0.566667 0.600000 0.633333 0.666667 0.700000 0.733333 0.766667 0.800000 0.833333 0.866667 0.900000 0.933333 0.966667 1.000000 1.033333
1.066667 1.100000 1.133333 1.166667 1.200000 1.233333 1.266667 1.300000 1.333333 1.366667 1.400000 1.433333</float_array><technique_common><accessor source="#newVegas_LeftUpLeg-Matrix-animation-input-array" count="44"><param name="TIME" type="float"/></accessor></technique_common></source><source id="newVegas_LeftUpLeg-Matrix-animation-output-transform"><float_array id="newVegas_LeftUpLeg-Matrix-animation-output-transform-array" count="704">

0.994831 -0.003394 0.101483 18.735201 -0.049454 0.856695 0.513447 -5.666700 -0.088683 -0.515812 0.852099 -4.541200 0.000000 0.000000 0.000000 1.000000
0.991688 -0.009866 0.128289 18.735201 -0.056624 0.861853 0.503988 -5.666700 -0.115539 -0.507063 0.854130 -4.541200 0.000000 0.000000 0.000000 1.000000
0.987709 -0.015987 0.155484 18.735201 -0.063680 0.867295 0.493704 -5.666700 -0.142743 -0.497538 0.855617 -4.541200 0.000000 0.000000 0.000000 1.000000
0.983026 -0.022222 0.182118 18.735201 -0.069310 0.874102 0.480772 -5.666700 -0.169873 -0.485234 0.857724 -4.541200 0.000000 0.000000 0.000000 1.000000
0.977942 -0.030007 0.206712 18.735201 -0.071296 0.882242 0.465367 -5.666700 -0.196334 -0.469839 0.860642 -4.541200 0.000000 0.000000 0.000000 1.000000
0.973160 -0.044924 0.225701 18.735201 -0.070018 0.876462 0.476353 -5.666700 -0.219219 -0.479371 0.849792 -4.541200 0.000000 0.000000 0.000000 1.000000
0.970174 -0.062306 0.234265 18.735201 -0.067294 0.859194 0.507205 -5.666700 -0.232881 -0.507842 0.829375 -4.541200 0.000000 0.000000 0.000000 1.000000
0.971279 -0.066603 0.228431 18.735201 -0.067882 0.842567 0.534297 -5.666700 -0.228054 -0.534458 0.813847 -4.541200 0.000000 0.000000 0.000000 1.000000
0.976714 -0.047369 0.209253 18.735201 -0.080998 0.821734 0.564086 -5.666700 -0.198670 -0.567900 0.798762 -4.541200 0.000000 0.000000 0.000000 1.000000
0.982155 -0.009500 0.187832 18.735201 -0.104398 0.803187 0.586508 -5.666700 -0.156436 -0.595651 0.787863 -4.541200 0.000000 0.000000 0.000000 1.000000
0.985159 0.021330 0.170316 18.735201 -0.121323 0.788445 0.603022 -5.666700 -0.121422 -0.614736 0.779331 -4.541200 0.000000 0.000000 0.000000 1.000000
0.987161 0.034907 0.155867 18.735201 -0.125742 0.771590 0.623569 -5.666700 -0.098499 -0.635162 0.766073 -4.541200 0.000000 0.000000 0.000000 1.000000
0.987286 0.046486 0.152006 18.735201 -0.131072 0.779085 0.613063 -5.666700 -0.089927 -0.625193 0.775272 -4.541200 0.000000 0.000000 0.000000 1.000000
0.985673 0.055803 0.159169 18.735201 -0.139851 0.797939 0.586289 -5.666700 -0.094290 -0.600149 0.794311 -4.541200 0.000000 0.000000 0.000000 1.000000
0.982739 0.066034 0.172808 18.735201 -0.152525 0.817833 0.554874 -5.666700 -0.104688 -0.571654 0.813789 -4.541200 0.000000 0.000000 0.000000 1.000000
0.979260 0.079385 0.186407 18.735201 -0.167313 0.835720 0.523047 -5.666700 -0.114262 -0.543387 0.831670 -4.541200 0.000000 0.000000 0.000000 1.000000
0.975992 0.093894 0.196530 18.735201 -0.179923 0.856077 0.484520 -5.666700 -0.122751 -0.508248 0.852418 -4.541200 0.000000 0.000000 0.000000 1.000000
0.973055 0.108825 0.203274 18.735201 -0.189510 0.879646 0.436244 -5.666700 -0.131335 -0.463012 0.876568 -4.541200 0.000000 0.000000 0.000000 1.000000
0.970271 0.124790 0.207370 18.735201 -0.197132 0.904564 0.378025 -5.666700 -0.140406 -0.407666 0.902272 -4.541200 0.000000 0.000000 0.000000 1.000000
0.967427 0.141651 0.209812 18.735201 -0.202691 0.929958 0.306748 -5.666700 -0.151665 -0.339283 0.928378 -4.541200 0.000000 0.000000 0.000000 1.000000
0.964433 0.156960 0.212677 18.735201 -0.204220 0.953297 0.222529 -5.666700 -0.167816 -0.258047 0.951446 -4.541200 0.000000 0.000000 0.000000 1.000000
0.961049 0.168953 0.218721 18.735201 -0.200509 0.970886 0.131060 -5.666700 -0.190210 -0.169811 0.966946 -4.541200 0.000000 0.000000 0.000000 1.000000
0.957167 0.177322 0.228883 18.735201 -0.191925 0.980466 0.043019 -5.666700 -0.216784 -0.085105 0.972503 -4.541200 0.000000 0.000000 0.000000 1.000000
0.953142 0.184958 0.239396 18.735201 -0.180530 0.982736 -0.040496 -5.666700 -0.242753 -0.004620 0.970077 -4.541200 0.000000 0.000000 0.000000 1.000000
0.949266 0.195095 0.246643 18.735201 -0.171666 0.978609 -0.113381 -5.666700 -0.263487 0.065289 0.962451 -4.541200 0.000000 0.000000 0.000000 1.000000
0.945624 0.208770 0.249419 18.735201 -0.168876 0.970501 -0.172072 -5.666700 -0.277985 0.120594 0.952986 -4.541200 0.000000 0.000000 0.000000 1.000000
0.942454 0.222012 0.249984 18.735201 -0.170104 0.962099 -0.213144 -5.666700 -0.287829 0.158355 0.944499 -4.541200 0.000000 0.000000 0.000000 1.000000
0.939934 0.229967 0.252268 18.735201 -0.170583 0.956560 -0.236419 -5.666700 -0.295678 0.179185 0.938332 -4.541200 0.000000 0.000000 0.000000 1.000000
0.937408 0.234450 0.257487 18.735201 -0.168534 0.952486 -0.253704 -5.666700 -0.304734 0.194429 0.932381 -4.541200 0.000000 0.000000 0.000000 1.000000
0.936364 0.235543 0.260273 18.735201 -0.154038 0.941963 -0.298290 -5.666700 -0.315428 0.239216 0.918303 -4.541200 0.000000 0.000000 0.000000 1.000000
0.936082 0.231037 0.265276 18.735201 -0.128656 0.926697 -0.353101 -5.666700 -0.327410 0.296402 0.897189 -4.541200 0.000000 0.000000 0.000000 1.000000
0.938652 0.197476 0.282730 18.735201 -0.091382 0.932941 -0.348238 -5.666700 -0.332539 0.301038 0.893753 -4.541200 0.000000 0.000000 0.000000 1.000000
0.942299 0.147924 0.300318 18.735201 -0.051415 0.950385 -0.306796 -5.666700 -0.330801 0.273653 0.903153 -4.541200 0.000000 0.000000 0.000000 1.000000
0.943575 0.113495 0.311104 18.735201 -0.032973 0.966967 -0.252758 -5.666700 -0.329514 0.228239 0.916148 -4.541200 0.000000 0.000000 0.000000 1.000000
0.950721 0.062024 0.303780 18.735201 -0.014304 0.987517 -0.156859 -5.666700 -0.309717 0.144784 0.939741 -4.541200 0.000000 0.000000 0.000000 1.000000
0.960717 0.021689 0.276681 18.735201 -0.011006 0.999135 -0.040107 -5.666700 -0.277311 0.035486 0.960125 -4.541200 0.000000 0.000000 0.000000 1.000000
0.973889 -0.010091 0.226802 18.735201 -0.010250 0.996038 0.088331 -5.666700 -0.226795 -0.088349 0.969927 -4.541200 0.000000 0.000000 0.000000 1.000000
0.986254 -0.025324 0.163284 18.735201 -0.009962 0.977274 0.211744 -5.666700 -0.164936 -0.210460 0.963588 -4.541200 0.000000 0.000000 0.000000 1.000000
0.994522 -0.020259 0.102548 18.735201 -0.014324 0.945372 0.325678 -5.666700 -0.103544 -0.325363 0.939903 -4.541200 0.000000 0.000000 0.000000 1.000000
0.998244 -0.001972 0.059209 18.735201 -0.023268 0.906078 0.422470 -5.666700 -0.054481 -0.423106 0.904441 -4.541200 0.000000 0.000000 0.000000 1.000000
0.999180 0.010805 0.039017 18.735201 -0.028519 0.871883 0.488882 -5.666700 -0.028736 -0.489594 0.871477 -4.541200 0.000000 0.000000 0.000000 1.000000
0.998615 0.009175 0.051801 18.735201 -0.034672 0.855342 0.516902 -5.666700 -0.039565 -0.517982 0.854476 -4.541200 0.000000 0.000000 0.000000 1.000000
0.997135 0.003512 0.075566 18.735201 -0.042625 0.851326 0.522902 -5.666700 -0.062495 -0.524625 0.849037 -4.541200 0.000000 0.000000 0.000000 1.000000
0.994831 -0.003395 0.101483 18.735201 -0.049454 0.856697 0.513445 -5.666700 -0.088683 -0.515810 0.852101 -4.541200 0.000000 0.000000 0.000000 1.000000</float_array><technique_common><accessor source="#newVegas_LeftUpLeg-Matrix-animation-output-transform-array" count="44" stride="16"><param type="float4x4"/></accessor></technique_common></source><source id="newVegas_LeftUpLeg-Interpolations"><Name_array id="newVegas_LeftUpLeg-Interpolations-array" count="44">
 LINEAR LINEAR LINEAR LINEAR LINEAR LINEAR LINEAR LINEAR LINEAR LINEAR LINEAR
LINEAR LINEAR LINEAR LINEAR LINEAR LINEAR LINEAR LINEAR LINEAR LINEAR LINEAR LINEAR
LINEAR LINEAR LINEAR LINEAR LINEAR LINEAR LINEAR LINEAR LINEAR LINEAR LINEAR LINEAR
LINEAR LINEAR LINEAR LINEAR LINEAR LINEAR LINEAR LINEAR LINEAR</Name_array><technique_common><accessor source="#newVegas_LeftUpLeg-Interpolations-array" count="44"><param type="name"/></accessor></technique_common></source><sampler id="newVegas_LeftUpLeg-Matrix-animation-transform"><input semantic="INPUT" source="#newVegas_LeftUpLeg-Matrix-animation-input"/><input semantic="OUTPUT" source="#newVegas_LeftUpLeg-Matrix-animation-output-transform"/><input semantic="INTERPOLATION" source="#newVegas_LeftUpLeg-Interpolations"/></sampler><channel source="#newVegas_LeftUpLeg-Matrix-animation-transform" target="newVegas_LeftUpLeg/matrix"/></animation>
    <animation id="newVegas_LeftLeg-anim" name="newVegas_LeftLeg"><source id="newVegas_LeftLeg-Matrix-animation-input"><float_array id="newVegas_LeftLeg-Matrix-animation-input-array" count="44">

0.000000 0.033333 0.066667 0.100000 0.133333 0.166667 0.200000 0.233333 0.266667 0.300000 0.333333 0.366667 0.400000 0.433333 0.466667 0.500000
0.533333 0.566667 0.600000 0.633333 0.666667 0.700000 0.733333 0.766667 0.800000 0.833333 0.866667 0.900000 0.933333 0.966667 1.000000 1.033333
1.066667 1.100000 1.133333 1.166667 1.200000 1.233333 1.266667 1.300000 1.333333 1.366667 1.400000 1.433333</float_array><technique_common><accessor source="#newVegas_LeftLeg-Matrix-animation-input-array" count="44"><param name="TIME" type="float"/></accessor></technique_common></source><source id="newVegas_LeftLeg-Matrix-animation-output-transform"><float_array id="newVegas_LeftLeg-Matrix-animation-output-transform-array" count="704">

0.978776 -0.019380 0.204016 2.165300 0.176959 0.582033 -0.793677 -31.864700 -0.103363 0.812934 0.573110 0.493100 0.000000 0.000000 0.000000 1.000000
0.983977 -0.016810 0.177503 2.165300 0.140377 0.686838 -0.713125 -31.864700 -0.109928 0.726616 0.678192 0.493100 0.000000 0.000000 0.000000 1.000000
0.989066 -0.014486 0.146762 2.165300 0.102357 0.783866 -0.612436 -31.864700 -0.106170 0.620761 0.776778 0.493100 0.000000 0.000000 0.000000 1.000000
0.993680 -0.010840 0.111723 2.165300 0.064563 0.869398 -0.489876 -31.864700 -0.091821 0.493993 0.864604 0.493100 0.000000 0.000000 0.000000 1.000000
0.996795 0.001252 0.079993 2.165300 0.027217 0.934930 -0.353787 -31.864700 -0.075231 0.354830 0.931899 0.493100 0.000000 0.000000 0.000000 1.000000
0.997740 0.019607 0.064264 2.165300 -0.000978 0.960610 -0.277899 -31.864700 -0.067181 0.277208 0.958458 0.493100 0.000000 0.000000 0.000000 1.000000
0.998245 0.034230 0.048322 2.165300 -0.020246 0.964114 -0.264714 -31.864700 -0.055649 0.263271 0.963116 0.493100 0.000000 0.000000 0.000000 1.000000
0.998922 0.033461 0.032188 2.165300 -0.023589 0.962879 -0.268901 -31.864700 -0.039990 0.267852 0.962630 0.493100 0.000000 0.000000 0.000000 1.000000
0.999576 0.017755 0.023077 2.165300 -0.009725 0.950632 -0.310167 -31.864700 -0.027445 0.309812 0.950402 0.493100 0.000000 0.000000 0.000000 1.000000
0.999724 -0.004534 0.023055 2.165300 0.012668 0.930404 -0.366317 -31.864700 -0.019789 0.366508 0.930204 0.493100 0.000000 0.000000 0.000000 1.000000
0.999351 -0.021892 0.028601 2.165300 0.031661 0.912533 -0.407777 -31.864700 -0.017173 0.408418 0.912634 0.493100 0.000000 0.000000 0.000000 1.000000
0.998371 -0.026522 0.050507 2.165300 0.046284 0.894158 -0.445352 -31.864700 -0.033350 0.446965 0.893930 0.493100 0.000000 0.000000 0.000000 1.000000
0.996883 -0.020018 0.076318 2.165300 0.053322 0.883880 -0.464664 -31.864700 -0.058154 0.467285 0.882192 0.493100 0.000000 0.000000 0.000000 1.000000
0.994194 -0.007691 0.107325 2.165300 0.060484 0.864887 -0.498310 -31.864700 -0.088992 0.501909 0.860330 0.493100 0.000000 0.000000 0.000000 1.000000
0.991377 0.005815 0.130915 2.165300 0.068249 0.829921 -0.553691 -31.864700 -0.111869 0.557851 0.822367 0.493100 0.000000 0.000000 0.000000 1.000000
0.989883 0.017013 0.140860 2.165300 0.074017 0.785065 -0.614975 -31.864700 -0.121047 0.619179 0.775864 0.493100 0.000000 0.000000 0.000000 1.000000
0.988180 0.024852 0.151272 2.165300 0.081420 0.751008 -0.655254 -31.864700 -0.129891 0.659825 0.740108 0.493100 0.000000 0.000000 0.000000 1.000000
0.986485 0.028983 0.161270 2.165300 0.087683 0.738071 -0.669001 -31.864700 -0.138419 0.674100 0.725554 0.493100 0.000000 0.000000 0.000000 1.000000
0.984567 0.028365 0.172696 2.165300 0.094282 0.745378 -0.659941 -31.864700 -0.147443 0.666038 0.731200 0.493100 0.000000 0.000000 0.000000 1.000000
0.982126 0.021289 0.187015 2.165300 0.102401 0.773237 -0.625794 -31.864700 -0.157929 0.633759 0.757237 0.493100 0.000000 0.000000 0.000000 1.000000
0.979228 0.007229 0.202631 2.165300 0.111286 0.816223 -0.566917 -31.864700 -0.169491 0.577691 0.798465 0.493100 0.000000 0.000000 0.000000 1.000000
0.977797 -0.010466 0.209294 2.165300 0.114899 0.862015 -0.493689 -31.864700 -0.175248 0.506775 0.844078 0.493100 0.000000 0.000000 0.000000 1.000000
0.980839 -0.025107 0.193195 2.165300 0.106905 0.898385 -0.426000 -31.864700 -0.162868 0.438491 0.883855 0.493100 0.000000 0.000000 0.000000 1.000000
0.984813 -0.032668 0.170515 2.165300 0.092158 0.930710 -0.353956 -31.864700 -0.147137 0.364295 0.919587 0.493100 0.000000 0.000000 0.000000 1.000000
0.988122 -0.032893 0.150112 2.165300 0.074348 0.957219 -0.279649 -31.864700 -0.134492 0.287488 0.948295 0.493100 0.000000 0.000000 0.000000 1.000000
0.990594 -0.030081 0.133483 2.165300 0.058355 0.975244 -0.213291 -31.864700 -0.123763 0.219074 0.967827 0.493100 0.000000 0.000000 0.000000 1.000000
0.992512 -0.027644 0.118982 2.165300 0.047852 0.984195 -0.170502 -31.864700 -0.112388 0.174918 0.978147 0.493100 0.000000 0.000000 0.000000 1.000000
0.994343 -0.025763 0.103047 2.165300 0.042456 0.985672 -0.163245 -31.864700 -0.097365 0.166697 0.981189 0.493100 0.000000 0.000000 0.000000 1.000000
0.996387 -0.024214 0.081401 2.165300 0.038950 0.982033 -0.184646 -31.864700 -0.075467 0.187149 0.979428 0.493100 0.000000 0.000000 0.000000 1.000000
0.998050 -0.023738 0.057737 2.165300 0.032279 0.987881 -0.151821 -31.864700 -0.053433 0.153388 0.986720 0.493100 0.000000 0.000000 0.000000 1.000000
0.999065 -0.026146 0.034430 2.165300 0.028854 0.996324 -0.080662 -31.864700 -0.032194 0.081580 0.996147 0.493100 0.000000 0.000000 0.000000 1.000000
0.999374 -0.033495 0.011419 2.165300 0.034594 0.992664 -0.115851 -31.864700 -0.007455 0.116174 0.993201 0.493100 0.000000 0.000000 0.000000 1.000000
0.998703 -0.048590 -0.015176 2.165300 0.044222 0.975801 -0.214140 -31.864700 0.025214 0.213191 0.976685 0.493100 0.000000 0.000000 0.000000 1.000000
0.996847 -0.076422 -0.021340 2.165300 0.064990 0.940702 -0.332950 -31.864700 0.045519 0.330513 0.942703 0.493100 0.000000 0.000000 0.000000 1.000000
0.994559 -0.102864 -0.016482 2.165300 0.082905 0.877322 -0.472686 -31.864700 0.063083 0.468748 0.881077 0.493100 0.000000 0.000000 0.000000 1.000000
0.992671 -0.119394 0.018667 2.165300 0.106214 0.788342 -0.606000 -31.864700 0.057637 0.603542 0.795246 0.493100 0.000000 0.000000 0.000000 1.000000
0.990029 -0.121602 0.071096 2.165300 0.135459 0.683464 -0.717306 -31.864700 0.038634 0.719785 0.693121 0.493100 0.000000 0.000000 0.000000 1.000000
0.984788 -0.110498 0.134102 2.165300 0.173326 0.570052 -0.803118 -31.864700 0.012298 0.814144 0.580533 0.493100 0.000000 0.000000 0.000000 1.000000
0.976101 -0.088897 0.198303 2.165300 0.216883 0.456191 -0.863048 -31.864700 -0.013742 0.885430 0.464569 0.493100 0.000000 0.000000 0.000000 1.000000
0.970294 -0.064050 0.233296 2.165300 0.240174 0.370947 -0.897059 -31.864700 -0.029084 0.926443 0.375311 0.493100 0.000000 0.000000 0.000000 1.000000
0.970423 -0.044559 0.237265 2.165300 0.237879 0.344044 -0.908321 -31.864700 -0.041156 0.937896 0.344468 0.493100 0.000000 0.000000 0.000000 1.000000
0.970954 -0.031534 0.237179 2.165300 0.230501 0.389128 -0.891879 -31.864700 -0.064168 0.920644 0.385094 0.493100 0.000000 0.000000 0.000000 1.000000
0.973766 -0.023048 0.226383 2.165300 0.210097 0.473196 -0.855538 -31.864700 -0.087405 0.880656 0.465625 0.493100 0.000000 0.000000 0.000000 1.000000
0.978776 -0.019380 0.204016 2.165300 0.176957 0.582038 -0.793674 -31.864700 -0.103364 0.812931 0.573114 0.493100 0.000000 0.000000 0.000000 1.000000</float_array><technique_common><accessor source="#newVegas_LeftLeg-Matrix-animation-output-transform-array" count="44" stride="16"><param type="float4x4"/></accessor></technique_common></source><source id="newVegas_LeftLeg-Interpolations"><Name_array id="newVegas_LeftLeg-Interpolations-array" count="44">
 LINEAR LINEAR LINEAR LINEAR LINEAR LINEAR LINEAR LINEAR LINEAR LINEAR LINEAR
LINEAR LINEAR LINEAR LINEAR LINEAR LINEAR LINEAR LINEAR LINEAR LINEAR LINEAR LINEAR
LINEAR LINEAR LINEAR LINEAR LINEAR LINEAR LINEAR LINEAR LINEAR LINEAR LINEAR LINEAR
LINEAR LINEAR LINEAR LINEAR LINEAR LINEAR LINEAR LINEAR LINEAR</Name_array><technique_common><accessor source="#newVegas_LeftLeg-Interpolations-array" count="44"><param type="name"/></accessor></technique_common></source><sampler id="newVegas_LeftLeg-Matrix-animation-transform"><input semantic="INPUT" source="#newVegas_LeftLeg-Matrix-animation-input"/><input semantic="OUTPUT" source="#newVegas_LeftLeg-Matrix-animation-output-transform"/><input semantic="INTERPOLATION" source="#newVegas_LeftLeg-Interpolations"/></sampler><channel source="#newVegas_LeftLeg-Matrix-animation-transform" target="newVegas_LeftLeg/matrix"/></animation>
    <animation id="newVegas_LeftFoot-anim" name="newVegas_LeftFoot"><source id="newVegas_LeftFoot-Matrix-animation-input"><float_array id="newVegas_LeftFoot-Matrix-animation-input-array" count="44">

0.000000 0.033333 0.066667 0.100000 0.133333 0.166667 0.200000 0.233333 0.266667 0.300000 0.333333 0.366667 0.400000 0.433333 0.466667 0.500000
0.533333 0.566667 0.600000 0.633333 0.666667 0.700000 0.733333 0.766667 0.800000 0.833333 0.866667 0.900000 0.933333 0.966667 1.000000 1.033333
1.066667 1.100000 1.133333 1.166667 1.200000 1.233333 1.266667 1.300000 1.333333 1.366667 1.400000 1.433333</float_array><technique_common><accessor source="#newVegas_LeftFoot-Matrix-animation-input-array" count="44"><param name="TIME" type="float"/></accessor></technique_common></source><source id="newVegas_LeftFoot-Matrix-animation-output-transform"><float_array id="newVegas_LeftFoot-Matrix-animation-output-transform-array" count="704">

0.994597 -0.103034 0.012683 2.207600 0.102822 0.994565 0.016348 -31.861799 -0.014299 -0.014955 0.999786 -4.336300 0.000000 0.000000 0.000000 1.000000
0.996290 -0.085899 0.005293 2.207600 0.085451 0.994663 0.057817 -31.861799 -0.010231 -0.057151 0.998313 -4.336300 0.000000 0.000000 0.000000 1.000000
0.997859 -0.065394 -0.000813 2.207600 0.065178 0.993390 0.094492 -31.861799 -0.005372 -0.094343 0.995525 -4.336300 0.000000 0.000000 0.000000 1.000000
0.999050 -0.043362 -0.004414 2.207600 0.043566 0.990422 0.131018 -31.861799 -0.001310 -0.131086 0.991370 -4.336300 0.000000 0.000000 0.000000 1.000000
0.999610 -0.027473 -0.004957 2.207600 0.027917 0.983485 0.178825 -31.861799 -0.000037 -0.178893 0.983868 -4.336300 0.000000 0.000000 0.000000 1.000000
0.999633 -0.025950 -0.007785 2.207600 0.027065 0.969339 0.244232 -31.861799 0.001208 -0.244353 0.969686 -4.336300 0.000000 0.000000 0.000000 1.000000
0.999551 -0.027542 -0.011766 2.207600 0.029798 0.954016 0.298271 -31.861799 0.003010 -0.298488 0.954409 -4.336300 0.000000 0.000000 0.000000 1.000000
0.999717 -0.020645 -0.011840 2.207600 0.023290 0.951021 0.308247 -31.861799 0.004896 -0.308435 0.951233 -4.336300 0.000000 0.000000 0.000000 1.000000
0.998924 -0.043228 -0.016793 2.207600 0.046229 0.956926 0.286629 -31.861799 0.003679 -0.287096 0.957895 -4.336300 0.000000 0.000000 0.000000 1.000000
0.995051 -0.096359 -0.024242 2.207600 0.099359 0.966550 0.236451 -31.861799 0.000647 -0.237690 0.971341 -4.336300 0.000000 0.000000 0.000000 1.000000
0.990174 -0.138901 -0.016192 2.207600 0.139816 0.981117 0.133647 -31.861799 -0.002678 -0.134597 0.990897 -4.336300 0.000000 0.000000 0.000000 1.000000
0.990800 -0.135310 -0.002673 2.207600 0.135312 0.990803 0.000568 -31.861799 0.002571 -0.000924 0.999996 -4.336300 0.000000 0.000000 0.000000 1.000000
0.990386 -0.138287 0.003607 2.207600 0.138227 0.988256 -0.065148 -31.861799 0.005445 0.065020 0.997869 -4.336300 0.000000 0.000000 0.000000 1.000000
0.989681 -0.143263 0.002732 2.207600 0.143177 0.987976 -0.058345 -31.861799 0.005660 0.058135 0.998293 -4.336300 0.000000 0.000000 0.000000 1.000000
0.989471 -0.144670 0.004150 2.207600 0.144676 0.989478 -0.001326 -31.861799 -0.003915 0.001912 0.999991 -4.336300 0.000000 0.000000 0.000000 1.000000
0.989737 -0.142036 0.015721 2.207600 0.140366 0.986901 0.079527 -31.861799 -0.026811 -0.076504 0.996709 -4.336300 0.000000 0.000000 0.000000 1.000000
0.990153 -0.137740 0.025013 2.207600 0.132120 0.978507 0.158331 -31.861799 -0.046284 -0.153467 0.987069 -4.336300 0.000000 0.000000 0.000000 1.000000
0.990509 -0.133440 0.032954 2.207600 0.122870 0.967081 0.222840 -31.861799 -0.061605 -0.216676 0.974298 -4.336300 0.000000 0.000000 0.000000 1.000000
0.991202 -0.127682 0.034881 2.207600 0.113635 0.956021 0.270390 -31.861799 -0.067871 -0.264047 0.962119 -4.336300 0.000000 0.000000 0.000000 1.000000
0.992579 -0.119102 0.024545 2.207600 0.106435 0.948500 0.298360 -31.861799 -0.058816 -0.293534 0.954138 -4.336300 0.000000 0.000000 0.000000 1.000000
0.994281 -0.106783 0.001714 2.207600 0.101091 0.946212 0.307348 -31.861799 -0.034442 -0.305417 0.951596 -4.336300 0.000000 0.000000 0.000000 1.000000
0.995346 -0.094095 -0.020817 2.207600 0.095954 0.947578 0.304777 -31.861799 -0.008952 -0.305356 0.952196 -4.336300 0.000000 0.000000 0.000000 1.000000
0.995838 -0.087537 -0.025396 2.207600 0.091105 0.947538 0.306384 -31.861799 -0.002756 -0.307423 0.951569 -4.336300 0.000000 0.000000 0.000000 1.000000
0.996082 -0.084835 -0.024979 2.207600 0.088403 0.947448 0.307452 -31.861799 -0.002416 -0.308455 0.951236 -4.336300 0.000000 0.000000 0.000000 1.000000
0.996114 -0.084459 -0.024985 2.207600 0.088048 0.947548 0.307248 -31.861799 -0.002275 -0.308254 0.951301 -4.336300 0.000000 0.000000 0.000000 1.000000
0.996148 -0.083972 -0.025257 2.207600 0.087660 0.946382 0.310928 -31.861799 -0.002207 -0.311944 0.950098 -4.336300 0.000000 0.000000 0.000000 1.000000
0.996454 -0.080133 -0.025639 2.207600 0.084111 0.941461 0.326460 -31.861799 -0.002022 -0.327459 0.944863 -4.336300 0.000000 0.000000 0.000000 1.000000
