<?xml version="1.0" encoding="utf-8"?>
<COLLADA xmlns="http://www.collada.org/2005/11/COLLADASchema" version="1.4.1">
  <asset><contributor><author>Mixamo</author><authoring_tool>COLLADA Mixamo exporter</authoring_tool><comments></comments></contributor><created>2021-07-21T15:10:22Z</created><modified>2021-07-21T15:10:22Z</modified><revision></revision><title></title><unit meter="0.010000"/><up_axis>Y_UP</up_axis></asset>
  <library_animations>
    <animation id="newVegas_Hips-anim" name="newVegas_Hips"><source id="newVegas_Hips-Matrix-animation-input"><float_array id="newVegas_Hips-Matrix-animation-input-array" count="34">

0.000000 0.033333 0.066667 0.100000 0.133333 0.166667 0.200000 0.233333 0.266667 0.300000 0.333333 0.366667 0.400000 0.433333 0.466667 0.500000
0.533333 0.566667 0.600000 0.633333 0.666667 0.700000 0.733333 0.766667 0.800000 0.833333 0.866667 0.900000 0.933333 0.966667 1.000000 1.033333
1.066667 1.100000</float_array><technique_common><accessor source="#newVegas_Hips-Matrix-animation-input-array" count="34"><param name="TIME" type="float"/></accessor></technique_common></source><source id="newVegas_Hips-Matrix-animation-output-transform"><float_array id="newVegas_Hips-Matrix-animation-output-transform-array" count="544">

0.998923 -0.022025 -0.040838 2.378677 0.031908 0.965079 0.260007 91.826210 0.033685 -0.261030 0.964743 51.725887 0.000000 0.000000 0.000000 1.000000
0.998542 -0.022378 -0.049113 2.277695 0.036394 0.951157 0.306554 91.257805 0.039855 -0.307895 0.950585 52.165302 0.000000 0.000000 0.000000 1.000000
0.998446 -0.022373 -0.051048 2.203405 0.039119 0.933700 0.355913 90.604584 0.039701 -0.357356 0.933124 52.515400 0.000000 0.000000 0.000000 1.000000
0.998689 -0.022237 -0.046110 2.095849 0.039009 0.913848 0.404178 89.831055 0.033149 -0.405447 0.913517 52.794147 0.000000 0.000000 0.000000 1.000000
0.999132 -0.022150 -0.035276 1.950470 0.035555 0.894704 0.445243 89.034492 0.021700 -0.446111 0.894715 53.010612 0.000000 0.000000 0.000000 1.000000
0.999459 -0.024246 -0.022224 1.823703 0.031902 0.879055 0.475652 88.297470 0.008004 -0.476104 0.879353 53.175125 0.000000 0.000000 0.000000 1.000000
0.999562 -0.026314 -0.013513 1.739255 0.029555 0.869200 0.493577 87.743156 -0.001242 -0.493760 0.869597 53.254448 0.000000 0.000000 0.000000 1.000000
0.999542 -0.028273 -0.010798 1.658984 0.029871 0.864296 0.502096 87.356575 -0.004863 -0.502189 0.864744 53.348137 0.000000 0.000000 0.000000 1.000000
0.999458 -0.030072 -0.013430 1.582768 0.032746 0.863818 0.502739 87.152504 -0.003517 -0.502906 0.864334 53.452751 0.000000 0.000000 0.000000 1.000000
0.999379 -0.031865 -0.015068 1.496886 0.035121 0.863969 0.502318 87.075966 -0.002988 -0.502535 0.864552 53.454163 0.000000 0.000000 0.000000 1.000000
0.999309 -0.033721 -0.015663 1.405076 0.037027 0.864233 0.501727 87.085770 -0.003382 -0.501960 0.864884 53.391346 0.000000 0.000000 0.000000 1.000000
0.999244 -0.035538 -0.015784 1.310943 0.038664 0.864772 0.500675 87.148087 -0.004143 -0.500906 0.865492 53.281006 0.000000 0.000000 0.000000 1.000000
0.999192 -0.037193 -0.015204 1.218739 0.039815 0.865523 0.499285 87.228745 -0.005411 -0.499487 0.866304 53.127037 0.000000 0.000000 0.000000 1.000000
0.999166 -0.038519 -0.013519 1.133132 0.040136 0.866462 0.497626 87.296623 -0.007455 -0.497754 0.867286 52.921608 0.000000 0.000000 0.000000 1.000000
0.999161 -0.039464 -0.010943 1.049460 0.039706 0.868021 0.494937 87.401176 -0.010033 -0.494957 0.868860 52.588776 0.000000 0.000000 0.000000 1.000000
0.999167 -0.039497 -0.010241 0.977988 0.039445 0.870792 0.490066 87.608368 -0.010438 -0.490062 0.871625 52.226009 0.000000 0.000000 0.000000 1.000000
0.999188 -0.039016 -0.010010 0.916864 0.039020 0.875925 0.480866 87.924858 -0.009994 -0.480866 0.876737 51.790695 0.000000 0.000000 0.000000 1.000000
0.999162 -0.039180 -0.011842 0.850109 0.040167 0.883012 0.467628 88.331070 -0.007865 -0.467711 0.883846 51.396248 0.000000 0.000000 0.000000 1.000000
0.999138 -0.039384 -0.013118 0.798117 0.041070 0.891910 0.450343 88.880905 -0.006036 -0.450494 0.892759 50.971634 0.000000 0.000000 0.000000 1.000000
0.999107 -0.039982 -0.013673 0.750708 0.041977 0.902009 0.429672 89.454773 -0.004846 -0.429862 0.902882 50.530361 0.000000 0.000000 0.000000 1.000000
0.999092 -0.040568 -0.013010 0.722854 0.042356 0.912972 0.405818 90.047752 -0.004585 -0.406001 0.913861 50.046627 0.000000 0.000000 0.000000 1.000000
0.999107 -0.040677 -0.011454 0.699115 0.041968 0.923352 0.381653 90.573898 -0.004949 -0.381793 0.924235 49.527733 0.000000 0.000000 0.000000 1.000000
0.999129 -0.040716 -0.009134 0.688026 0.041289 0.932998 0.357505 91.011742 -0.006034 -0.357571 0.933866 48.929390 0.000000 0.000000 0.000000 1.000000
0.999124 -0.041319 -0.006678 0.705127 0.041156 0.940811 0.336425 91.330856 -0.007618 -0.336405 0.941687 48.334503 0.000000 0.000000 0.000000 1.000000
0.999137 -0.041309 -0.004317 0.730124 0.040550 0.947702 0.316569 91.583641 -0.008986 -0.316471 0.948560 47.779907 0.000000 0.000000 0.000000 1.000000
0.999221 -0.039329 -0.003152 0.726985 0.038480 0.953750 0.298127 91.790237 -0.008719 -0.298016 0.954521 47.344269 0.000000 0.000000 0.000000 1.000000
0.999306 -0.037153 -0.002717 0.723289 0.036419 0.959020 0.280989 91.945541 -0.007834 -0.280893 0.959707 47.071651 0.000000 0.000000 0.000000 1.000000
0.999366 -0.035163 -0.005498 0.713944 0.035353 0.962954 0.267339 92.029945 -0.004106 -0.267364 0.963587 46.960884 0.000000 0.000000 0.000000 1.000000
0.999374 -0.033707 -0.010755 0.715947 0.035346 0.964660 0.261116 92.053108 0.001574 -0.261332 0.965248 47.018822 0.000000 0.000000 0.000000 1.000000
0.999318 -0.032529 -0.017471 0.727859 0.035982 0.964090 0.263127 91.996857 0.008285 -0.263576 0.964603 47.238670 0.000000 0.000000 0.000000 1.000000
0.999148 -0.032334 -0.025635 0.733041 0.038114 0.961217 0.273145 91.874268 0.015809 -0.273890 0.961631 47.622520 0.000000 0.000000 0.000000 1.000000
0.998917 -0.031652 -0.034088 0.737577 0.040153 0.956702 0.288288 91.675659 0.023487 -0.289344 0.956937 48.199699 0.000000 0.000000 0.000000 1.000000
0.998667 -0.031011 -0.041272 0.760179 0.042209 0.950803 0.306909 91.448486 0.029724 -0.308241 0.950844 48.933353 0.000000 0.000000 0.000000 1.000000
0.998401 -0.029546 -0.048189 0.774434 0.043816 0.943118 0.329558 91.136612 0.035711 -0.331142 0.942905 49.786518 0.000000 0.000000 0.000000 1.000000</float_array><technique_common><accessor source="#newVegas_Hips-Matrix-animation-output-transform-array" count="34" stride="16"><param type="float4x4"/></accessor></technique_common></source><source id="newVegas_Hips-Interpolations"><Name_array id="newVegas_Hips-Interpolations-array" count="34">
 LINEAR LINEAR LINEAR LINEAR LINEAR LINEAR LINEAR LINEAR LINEAR LINEAR LINEAR
LINEAR LINEAR LINEAR LINEAR LINEAR LINEAR LINEAR LINEAR LINEAR LINEAR LINEAR LINEAR
LINEAR LINEAR LINEAR LINEAR LINEAR LINEAR LINEAR LINEAR LINEAR LINEAR LINEAR</Name_array><technique_common><accessor source="#newVegas_Hips-Interpolations-array" count="34"><param type="name"/></accessor></technique_common></source><sampler id="newVegas_Hips-Matrix-animation-transform"><input semantic="INPUT" source="#newVegas_Hips-Matrix-animation-input"/><input semantic="OUTPUT" source="#newVegas_Hips-Matrix-animation-output-transform"/><input semantic="INTERPOLATION" source="#newVegas_Hips-Interpolations"/></sampler><channel source="#newVegas_Hips-Matrix-animation-transform" target="newVegas_Hips/matrix"/></animation>
    <animation id="newVegas_Pelvis-anim" name="newVegas_Pelvis"><source id="newVegas_Pelvis-Matrix-animation-input"><float_array id="newVegas_Pelvis-Matrix-animation-input-array" count="34">

0.000000 0.033333 0.066667 0.100000 0.133333 0.166667 0.200000 0.233333 0.266667 0.300000 0.333333 0.366667 0.400000 0.433333 0.466667 0.500000
0.533333 0.566667 0.600000 0.633333 0.666667 0.700000 0.733333 0.766667 0.800000 0.833333 0.866667 0.900000 0.933333 0.966667 1.000000 1.033333
1.066667 1.100000</float_array><technique_common><accessor source="#newVegas_Pelvis-Matrix-animation-input-array" count="34"><param name="TIME" type="float"/></accessor></technique_common></source><source id="newVegas_Pelvis-Matrix-animation-output-transform"><float_array id="newVegas_Pelvis-Matrix-animation-output-transform-array" count="544">

1.000000 -0.000000 0.000000 0.000000 0.000000 1.000000 0.000000 0.000000 0.000000 0.000000 1.000000 0.000000 0.000000 0.000000 0.000000 1.000000
1.000000 -0.000000 -0.000000 0.000000 0.000000 1.000000 0.000000 0.000000 0.000000 -0.000000 1.000000 0.000000 0.000000 0.000000 0.000000 1.000000
1.000000 0.000000 0.000000 0.000000 -0.000000 1.000000 0.000000 0.000000 -0.000000 0.000000 1.000000 0.000000 0.000000 0.000000 0.000000 1.000000
1.000000 -0.000000 -0.000000 0.000000 0.000000 1.000000 0.000000 0.000000 0.000000 0.000000 1.000000 0.000000 0.000000 0.000000 0.000000 1.000000
1.000000 -0.000000 0.000000 0.000000 0.000000 1.000000 -0.000000 0.000000 -0.000000 0.000000 1.000000 0.000000 0.000000 0.000000 0.000000 1.000000
1.000000 0.000000 0.000000 0.000000 0.000000 1.000000 0.000000 0.000000 -0.000000 0.000000 1.000000 0.000000 0.000000 0.000000 0.000000 1.000000
1.000000 -0.000000 -0.000000 0.000000 0.000000 1.000000 0.000000 0.000000 0.000000 0.000000 1.000000 0.000000 0.000000 0.000000 0.000000 1.000000
1.000000 0.000000 0.000000 0.000000 -0.000000 1.000000 0.000000 0.000000 0.000000 0.000000 1.000000 0.000000 0.000000 0.000000 0.000000 1.000000
1.000000 -0.000000 0.000000 0.000000 -0.000000 1.000000 0.000000 0.000000 -0.000000 -0.000000 1.000000 0.000000 0.000000 0.000000 0.000000 1.000000
1.000000 0.000000 0.000000 0.000000 -0.000000 1.000000 0.000000 0.000000 -0.000000 -0.000000 1.000000 0.000000 0.000000 0.000000 0.000000 1.000000
1.000000 0.000000 0.000000 0.000000 0.000000 1.000000 -0.000000 0.000000 -0.000000 0.000000 1.000000 0.000000 0.000000 0.000000 0.000000 1.000000
1.000000 0.000000 0.000000 0.000000 0.000000 1.000000 0.000000 0.000000 -0.000000 -0.000000 1.000000 0.000000 0.000000 0.000000 0.000000 1.000000
1.000000 -0.000000 0.000000 0.000000 0.000000 1.000000 0.000000 0.000000 -0.000000 0.000000 1.000000 0.000000 0.000000 0.000000 0.000000 1.000000
1.000000 -0.000000 0.000000 0.000000 -0.000000 1.000000 0.000000 0.000000 0.000000 0.000000 1.000000 0.000000 0.000000 0.000000 0.000000 1.000000
1.000000 0.000000 0.000000 0.000000 -0.000000 1.000000 -0.000000 0.000000 -0.000000 0.000000 1.000000 0.000000 0.000000 0.000000 0.000000 1.000000
1.000000 -0.000000 -0.000000 0.000000 0.000000 1.000000 -0.000000 0.000000 -0.000000 -0.000000 1.000000 0.000000 0.000000 0.000000 0.000000 1.000000
1.000000 -0.000000 0.000000 0.000000 -0.000000 1.000000 0.000000 0.000000 -0.000000 0.000000 1.000000 0.000000 0.000000 0.000000 0.000000 1.000000
1.000000 0.000000 0.000000 0.000000 0.000000 1.000000 -0.000000 0.000000 -0.000000 0.000000 1.000000 0.000000 0.000000 0.000000 0.000000 1.000000
1.000000 0.000000 -0.000000 0.000000 0.000000 1.000000 0.000000 0.000000 -0.000000 0.000000 1.000000 0.000000 0.000000 0.000000 0.000000 1.000000
1.000000 -0.000000 -0.000000 0.000000 -0.000000 1.000000 0.000000 0.000000 0.000000 -0.000000 1.000000 0.000000 0.000000 0.000000 0.000000 1.000000
1.000000 -0.000000 0.000000 0.000000 0.000000 1.000000 0.000000 0.000000 0.000000 0.000000 1.000000 0.000000 0.000000 0.000000 0.000000 1.000000
1.000000 0.000000 0.000000 0.000000 -0.000000 1.000000 0.000000 0.000000 -0.000000 0.000000 1.000000 0.000000 0.000000 0.000000 0.000000 1.000000
1.000000 -0.000000 -0.000000 0.000000 -0.000000 1.000000 -0.000000 0.000000 0.000000 0.000000 1.000000 0.000000 0.000000 0.000000 0.000000 1.000000
1.000000 -0.000000 -0.000000 0.000000 0.000000 1.000000 0.000000 0.000000 -0.000000 -0.000000 1.000000 0.000000 0.000000 0.000000 0.000000 1.000000
1.000000 0.000000 0.000000 0.000000 0.000000 1.000000 -0.000000 0.000000 0.000000 0.000000 1.000000 0.000000 0.000000 0.000000 0.000000 1.000000
1.000000 0.000000 0.000000 0.000000 -0.000000 1.000000 0.000000 0.000000 0.000000 0.000000 1.000000 0.000000 0.000000 0.000000 0.000000 1.000000
1.000000 -0.000000 -0.000000 0.000000 -0.000000 1.000000 0.000000 0.000000 0.000000 0.000000 1.000000 0.000000 0.000000 0.000000 0.000000 1.000000
1.000000 -0.000000 -0.000000 0.000000 0.000000 1.000000 0.000000 0.000000 0.000000 -0.000000 1.000000 0.000000 0.000000 0.000000 0.000000 1.000000
1.000000 0.000000 -0.000000 0.000000 -0.000000 1.000000 0.000000 0.000000 0.000000 0.000000 1.000000 0.000000 0.000000 0.000000 0.000000 1.000000
1.000000 -0.000000 -0.000000 0.000000 0.000000 1.000000 0.000000 0.000000 0.000000 0.000000 1.000000 0.000000 0.000000 0.000000 0.000000 1.000000
1.000000 -0.000000 -0.000000 0.000000 0.000000 1.000000 0.000000 0.000000 0.000000 0.000000 1.000000 0.000000 0.000000 0.000000 0.000000 1.000000
1.000000 -0.000000 0.000000 0.000000 -0.000000 1.000000 0.000000 0.000000 -0.000000 -0.000000 1.000000 0.000000 0.000000 0.000000 0.000000 1.000000
1.000000 -0.000000 -0.000000 0.000000 -0.000000 1.000000 0.000000 0.000000 -0.000000 0.000000 1.000000 0.000000 0.000000 0.000000 0.000000 1.000000
1.000000 0.000000 0.000000 0.000000 0.000000 1.000000 0.000000 0.000000 -0.000000 -0.000000 1.000000 0.000000 0.000000 0.000000 0.000000 1.000000</float_array><technique_common><accessor source="#newVegas_Pelvis-Matrix-animation-output-transform-array" count="34" stride="16"><param type="float4x4"/></accessor></technique_common></source><source id="newVegas_Pelvis-Interpolations"><Name_array id="newVegas_Pelvis-Interpolations-array" count="34">
 LINEAR LINEAR LINEAR LINEAR LINEAR LINEAR LINEAR LINEAR LINEAR LINEAR LINEAR
LINEAR LINEAR LINEAR LINEAR LINEAR LINEAR LINEAR LINEAR LINEAR LINEAR LINEAR LINEAR
LINEAR LINEAR LINEAR LINEAR LINEAR LINEAR LINEAR LINEAR LINEAR LINEAR LINEAR</Name_array><technique_common><accessor source="#newVegas_Pelvis-Interpolations-array" count="34"><param type="name"/></accessor></technique_common></source><sampler id="newVegas_Pelvis-Matrix-animation-transform"><input semantic="INPUT" source="#newVegas_Pelvis-Matrix-animation-input"/><input semantic="OUTPUT" source="#newVegas_Pelvis-Matrix-animation-output-transform"/><input semantic="INTERPOLATION" source="#newVegas_Pelvis-Interpolations"/></sampler><channel source="#newVegas_Pelvis-Matrix-animation-transform" target="newVegas_Pelvis/matrix"/></animation>
    <animation id="newVegas_LeftUpLeg-anim" name="newVegas_LeftUpLeg"><source id="newVegas_LeftUpLeg-Matrix-animation-input"><float_array id="newVegas_LeftUpLeg-Matrix-animation-input-array" count="34">

0.000000 0.033333 0.066667 0.100000 0.133333 0.166667 0.200000 0.233333 0.266667 0.300000 0.333333 0.366667 0.400000 0.433333 0.466667 0.500000
0.533333 0.566667 0.600000 0.633333 0.666667 0.700000 0.733333 0.766667 0.800000 0.833333 0.866667 0.900000 0.933333 0.966667 1.000000 1.033333
1.066667 1.100000</float_array><technique_common><accessor source="#newVegas_LeftUpLeg-Matrix-animation-input-array" count="34"><param name="TIME" type="float"/></accessor></technique_common></source><source id="newVegas_LeftUpLeg-Matrix-animation-output-transform"><float_array id="newVegas_LeftUpLeg-Matrix-animation-output-transform-array" count="544">

0.961399 -0.148608 0.231576 18.735201 0.172910 0.980969 -0.088334 -5.666700 -0.214041 0.124966 0.968798 -4.541200 0.000000 0.000000 0.000000 1.000000
0.960596 -0.151037 0.233332 18.735201 0.185393 0.973621 -0.133009 -5.666700 -0.207088 0.171026 0.963257 -4.541200 0.000000 0.000000 0.000000 1.000000
0.959573 -0.157511 0.233257 18.735201 0.200247 0.964436 -0.172522 -5.666700 -0.197788 0.212257 0.956988 -4.541200 0.000000 0.000000 0.000000 1.000000
0.958157 -0.170733 0.229750 18.735201 0.218669 0.954533 -0.202609 -5.666700 -0.184712 0.244370 0.951927 -4.541200 0.000000 0.000000 0.000000 1.000000
0.956369 -0.189086 0.222722 18.735201 0.238367 0.945791 -0.220592 -5.666700 -0.168938 0.264056 0.949597 -4.541200 0.000000 0.000000 0.000000 1.000000
0.954695 -0.206733 0.214054 18.735201 0.254706 0.939632 -0.228508 -5.666700 -0.153892 0.272677 0.949718 -4.541200 0.000000 0.000000 0.000000 1.000000
0.953640 -0.218552 0.206896 18.735201 0.264484 0.936643 -0.229670 -5.666700 -0.143593 0.273743 0.951024 -4.541200 0.000000 0.000000 0.000000 1.000000
0.953262 -0.223738 0.203057 18.735201 0.268640 0.935210 -0.230685 -5.666700 -0.138288 0.274452 0.951605 -4.541200 0.000000 0.000000 0.000000 1.000000
0.953547 -0.222849 0.202698 18.735201 0.267782 0.935258 -0.231483 -5.666700 -0.137989 0.275009 0.951488 -4.541200 0.000000 0.000000 0.000000 1.000000
0.953790 -0.221769 0.202738 18.735201 0.266678 0.935667 -0.231105 -5.666700 -0.138443 0.274491 0.951571 -4.541200 0.000000 0.000000 0.000000 1.000000
0.954013 -0.220796 0.202752 18.735201 0.265626 0.936139 -0.230405 -5.666700 -0.138932 0.273665 0.951738 -4.541200 0.000000 0.000000 0.000000 1.000000
0.954200 -0.219864 0.202885 18.735201 0.264518 0.936839 -0.228830 -5.666700 -0.139759 0.272016 0.952090 -4.541200 0.000000 0.000000 0.000000 1.000000
0.954255 -0.219560 0.202954 18.735201 0.263762 0.937837 -0.225592 -5.666700 -0.140807 0.268803 0.952847 -4.541200 0.000000 0.000000 0.000000 1.000000
0.954017 -0.220745 0.202787 18.735201 0.263948 0.939277 -0.219294 -5.666700 -0.142065 0.262735 0.954352 -4.541200 0.000000 0.000000 0.000000 1.000000
0.953566 -0.222930 0.202519 18.735201 0.264465 0.941512 -0.208838 -5.666700 -0.144118 0.252700 0.956751 -4.541200 0.000000 0.000000 0.000000 1.000000
0.953102 -0.223432 0.204143 18.735201 0.263906 0.943757 -0.199190 -5.666700 -0.148156 0.243723 0.958462 -4.541200 0.000000 0.000000 0.000000 1.000000
0.952750 -0.222790 0.206475 18.735201 0.261757 0.947049 -0.185959 -5.666700 -0.154112 0.231218 0.960618 -4.541200 0.000000 0.000000 0.000000 1.000000
0.952672 -0.218797 0.211056 18.735201 0.256913 0.950607 -0.174191 -5.666700 -0.162519 0.220169 0.961828 -4.541200 0.000000 0.000000 0.000000 1.000000
0.952765 -0.213172 0.216326 18.735201 0.250210 0.954669 -0.161249 -5.666700 -0.172146 0.207759 0.962913 -4.541200 0.000000 0.000000 0.000000 1.000000
0.953062 -0.206697 0.221243 18.735201 0.241935 0.959241 -0.146026 -5.666700 -0.182042 0.192698 0.964224 -4.541200 0.000000 0.000000 0.000000 1.000000
0.953665 -0.199797 0.224955 18.735201 0.232152 0.964252 -0.127763 -5.666700 -0.191387 0.174067 0.965956 -4.541200 0.000000 0.000000 0.000000 1.000000
0.954470 -0.194133 0.226493 18.735201 0.222548 0.969000 -0.107290 -5.666700 -0.198643 0.152810 0.968086 -4.541200 0.000000 0.000000 0.000000 1.000000
0.955524 -0.189278 0.226157 18.735201 0.212527 0.973616 -0.083087 -5.666700 -0.204464 0.127456 0.970541 -4.541200 0.000000 0.000000 0.000000 1.000000
0.956597 -0.184868 0.225270 18.735201 0.202873 0.977403 -0.059379 -5.666700 -0.209203 0.102503 0.972485 -4.541200 0.000000 0.000000 0.000000 1.000000
0.957595 -0.181544 0.223727 18.735201 0.194236 0.980298 -0.035902 -5.666700 -0.212801 0.077835 0.973990 -4.541200 0.000000 0.000000 0.000000 1.000000
0.958326 -0.180585 0.221359 18.735201 0.188511 0.981956 -0.015036 -5.666700 -0.214650 0.056138 0.975076 -4.541200 0.000000 0.000000 0.000000 1.000000
0.958944 -0.180157 0.219019 18.735201 0.184069 0.982910 0.002583 -5.666700 -0.215741 0.037838 0.975717 -4.541200 0.000000 0.000000 0.000000 1.000000
0.959431 -0.179295 0.217589 18.735201 0.180733 0.983440 0.013443 -5.666700 -0.216396 0.026428 0.975948 -4.541200 0.000000 0.000000 0.000000 1.000000
0.959682 -0.177934 0.217599 18.735201 0.179193 0.983713 0.014099 -5.666700 -0.216564 0.025461 0.975936 -4.541200 0.000000 0.000000 0.000000 1.000000
0.959620 -0.177062 0.218583 18.735201 0.180228 0.983609 0.005534 -5.666700 -0.215980 0.034084 0.975803 -4.541200 0.000000 0.000000 0.000000 1.000000
0.959348 -0.175183 0.221275 18.735201 0.182661 0.983081 -0.013632 -5.666700 -0.215143 0.053496 0.975116 -4.541200 0.000000 0.000000 0.000000 1.000000
0.958793 -0.174356 0.224314 18.735201 0.187667 0.981447 -0.039285 -5.666700 -0.213302 0.079762 0.973725 -4.541200 0.000000 0.000000 0.000000 1.000000
0.958114 -0.173287 0.228013 18.735201 0.193757 0.978512 -0.070511 -5.666700 -0.210895 0.111736 0.971102 -4.541200 0.000000 0.000000 0.000000 1.000000
0.957195 -0.173656 0.231562 18.735201 0.202261 0.973584 -0.105949 -5.666700 -0.207046 0.148250 0.967034 -4.541200 0.000000 0.000000 0.000000 1.000000</float_array><technique_common><accessor source="#newVegas_LeftUpLeg-Matrix-animation-output-transform-array" count="34" stride="16"><param type="float4x4"/></accessor></technique_common></source><source id="newVegas_LeftUpLeg-Interpolations"><Name_array id="newVegas_LeftUpLeg-Interpolations-array" count="34">
 LINEAR LINEAR LINEAR LINEAR LINEAR LINEAR LINEAR LINEAR LINEAR LINEAR LINEAR
LINEAR LINEAR LINEAR LINEAR LINEAR LINEAR LINEAR LINEAR LINEAR LINEAR LINEAR LINEAR
LINEAR LINEAR LINEAR LINEAR LINEAR LINEAR LINEAR LINEAR LINEAR LINEAR LINEAR</Name_array><technique_common><accessor source="#newVegas_LeftUpLeg-Interpolations-array" count="34"><param type="name"/></accessor></technique_common></source><sampler id="newVegas_LeftUpLeg-Matrix-animation-transform"><input semantic="INPUT" source="#newVegas_LeftUpLeg-Matrix-animation-input"/><input semantic="OUTPUT" source="#newVegas_LeftUpLeg-Matrix-animation-output-transform"/><input semantic="INTERPOLATION" source="#newVegas_LeftUpLeg-Interpolations"/></sampler><channel source="#newVegas_LeftUpLeg-Matrix-animation-transform" target="newVegas_LeftUpLeg/matrix"/></animation>
    <animation id="newVegas_LeftLeg-anim" name="newVegas_LeftLeg"><source id="newVegas_LeftLeg-Matrix-animation-input"><float_array id="newVegas_LeftLeg-Matrix-animation-input-array" count="34">

0.000000 0.033333 0.066667 0.100000 0.133333 0.166667 0.200000 0.233333 0.266667 0.300000 0.333333 0.366667 0.400000 0.433333 0.466667 0.500000
0.533333 0.566667 0.600000 0.633333 0.666667 0.700000 0.733333 0.766667 0.800000 0.833333 0.866667 0.900000 0.933333 0.966667 1.000000 1.033333
1.066667 1.100000</float_array><technique_common><accessor source="#newVegas_LeftLeg-Matrix-animation-input-array" count="34"><param name="TIME" type="float"/></accessor></technique_common></source><source id="newVegas_LeftLeg-Matrix-animation-output-transform"><float_array id="newVegas_LeftLeg-Matrix-animation-output-transform-array" count="544">

0.998009 0.034148 -0.053028 2.165300 -0.055990 0.866749 -0.495592 -31.864700 0.029038 0.497575 0.866935 0.493100 0.000000 0.000000 0.000000 1.000000
0.997966 0.035365 -0.053035 2.165300 -0.058105 0.846841 -0.528662 -31.864700 0.026216 0.530668 0.847174 0.493100 0.000000 0.000000 0.000000 1.000000
0.997550 0.036991 -0.059375 2.165300 -0.064263 0.819913 -0.568871 -31.864700 0.027639 0.571293 0.820281 0.493100 0.000000 0.000000 0.000000 1.000000
0.996601 0.039237 -0.072437 2.165300 -0.075621 0.784552 -0.615435 -31.864700 0.032682 0.618820 0.784852 0.493100 0.000000 0.000000 0.000000 1.000000
0.995115 0.041710 -0.089482 2.165300 -0.090687 0.744422 -0.661522 -31.864700 0.039020 0.666405 0.744568 0.493100 0.000000 0.000000 0.000000 1.000000
0.993178 0.044095 -0.107953 2.165300 -0.107390 0.706670 -0.699346 -31.864700 0.045449 0.706168 0.706584 0.493100 0.000000 0.000000 0.000000 1.000000
0.991725 0.045854 -0.119908 2.165300 -0.119063 0.677798 -0.725543 -31.864700 0.048005 0.733817 0.677649 0.493100 0.000000 0.000000 0.000000 1.000000
0.991015 0.046927 -0.125245 2.165300 -0.124804 0.661145 -0.739805 -31.864700 0.048088 0.748789 0.661061 0.493100 0.000000 0.000000 0.000000 1.000000
0.991077 0.047301 -0.124618 2.165300 -0.124901 0.656048 -0.744312 -31.864700 0.046549 0.753235 0.656102 0.493100 0.000000 0.000000 0.000000 1.000000
0.991123 0.047370 -0.124219 2.165300 -0.124699 0.655191 -0.745101 -31.864700 0.046092 0.753977 0.655282 0.493100 0.000000 0.000000 0.000000 1.000000
0.991112 0.047220 -0.124364 2.165300 -0.124582 0.657257 -0.743298 -31.864700 0.046640 0.752186 0.657299 0.493100 0.000000 0.000000 0.000000 1.000000
0.991083 0.046962 -0.124700 2.165300 -0.124443 0.660776 -0.740195 -31.864700 0.047638 0.749112 0.660728 0.493100 0.000000 0.000000 0.000000 1.000000
0.990971 0.046702 -0.125681 2.165300 -0.124785 0.664135 -0.737125 -31.864700 0.049044 0.746153 0.663966 0.493100 0.000000 0.000000 0.000000 1.000000
0.990675 0.046559 -0.128041 2.165300 -0.126356 0.665459 -0.735662 -31.864700 0.050955 0.744981 0.665137 0.493100 0.000000 0.000000 0.000000 1.000000
0.990266 0.046427 -0.131218 2.165300 -0.128566 0.666322 -0.734497 -31.864700 0.053333 0.744218 0.665804 0.493100 0.000000 0.000000 0.000000 1.000000
0.990142 0.045962 -0.132312 2.165300 -0.128609 0.672531 -0.728808 -31.864700 0.055486 0.738640 0.671812 0.493100 0.000000 0.000000 0.000000 1.000000
0.990220 0.045228 -0.131983 2.165300 -0.127068 0.682968 -0.719311 -31.864700 0.057607 0.729047 0.682035 0.493100 0.000000 0.000000 0.000000 1.000000
0.990580 0.044036 -0.129659 2.165300 -0.123151 0.700489 -0.702957 -31.864700 0.059869 0.712303 0.699314 0.493100 0.000000 0.000000 0.000000 1.000000
0.991040 0.042429 -0.126647 2.165300 -0.117839 0.724134 -0.679517 -31.864700 0.062878 0.688353 0.722646 0.493100 0.000000 0.000000 0.000000 1.000000
0.991516 0.040714 -0.123447 2.165300 -0.112024 0.749353 -0.652626 -31.864700 0.065934 0.660918 0.747556 0.493100 0.000000 0.000000 0.000000 1.000000
0.992023 0.038998 -0.119871 2.165300 -0.105750 0.775028 -0.623016 -31.864700 0.068607 0.630722 0.772970 0.493100 0.000000 0.000000 0.000000 1.000000
0.992526 0.037555 -0.116115 2.165300 -0.099808 0.797304 -0.595268 -31.864700 0.070224 0.602408 0.795093 0.493100 0.000000 0.000000 0.000000 1.000000
0.993009 0.036437 -0.112278 2.165300 -0.094558 0.814899 -0.571838 -31.864700 0.070659 0.578456 0.812647 0.493100 0.000000 0.000000 0.000000 1.000000
0.993342 0.035644 -0.109553 2.165300 -0.090777 0.827682 -0.553807 -31.864700 0.070935 0.560064 0.825407 0.493100 0.000000 0.000000 0.000000 1.000000
0.993660 0.035054 -0.106823 2.165300 -0.087518 0.837597 -0.539233 -31.864700 0.070573 0.545163 0.835354 0.493100 0.000000 0.000000 0.000000 1.000000
0.994105 0.034649 -0.102732 2.165300 -0.083980 0.845379 -0.527524 -31.864700 0.068569 0.533042 0.843306 0.493100 0.000000 0.000000 0.000000 1.000000
0.994546 0.034347 -0.098486 2.165300 -0.080677 0.851781 -0.517649 -31.864700 0.066109 0.522771 0.849906 0.493100 0.000000 0.000000 0.000000 1.000000
0.995135 0.034193 -0.092392 2.165300 -0.076825 0.856437 -0.510504 -31.864700 0.061672 0.515119 0.854897 0.493100 0.000000 0.000000 0.000000 1.000000
0.995721 0.034171 -0.085865 2.165300 -0.073174 0.859013 -0.506697 -31.864700 0.056445 0.510811 0.857838 0.493100 0.000000 0.000000 0.000000 1.000000
0.996205 0.034332 -0.079975 2.165300 -0.070370 0.858445 -0.508055 -31.864700 0.051212 0.511755 0.857604 0.493100 0.000000 0.000000 0.000000 1.000000
0.996597 0.034567 -0.074825 2.165300 -0.068178 0.855867 -0.512683 -31.864700 0.046319 0.516040 0.855311 0.493100 0.000000 0.000000 0.000000 1.000000
0.996885 0.034940 -0.070705 2.165300 -0.066782 0.850873 -0.521110 -31.864700 0.041953 0.524209 0.850556 0.493100 0.000000 0.000000 0.000000 1.000000
0.997023 0.035300 -0.068556 2.165300 -0.066382 0.845306 -0.530142 -31.864700 0.039237 0.533114 0.845133 0.493100 0.000000 0.000000 0.000000 1.000000
0.997074 0.035819 -0.067525 2.165300 -0.066836 0.837192 -0.542811 -31.864700 0.037088 0.545736 0.837136 0.493100 0.000000 0.000000 0.000000 1.000000</float_array><technique_common><accessor source="#newVegas_LeftLeg-Matrix-animation-output-transform-array" count="34" stride="16"><param type="float4x4"/></accessor></technique_common></source><source id="newVegas_LeftLeg-Interpolations"><Name_array id="newVegas_LeftLeg-Interpolations-array" count="34">
 LINEAR LINEAR LINEAR LINEAR LINEAR LINEAR LINEAR LINEAR LINEAR LINEAR LINEAR
LINEAR LINEAR LINEAR LINEAR LINEAR LINEAR LINEAR LINEAR LINEAR LINEAR LINEAR LINEAR
LINEAR LINEAR LINEAR LINEAR LINEAR LINEAR LINEAR LINEAR LINEAR LINEAR LINEAR</Name_array><technique_common><accessor source="#newVegas_LeftLeg-Interpolations-array" count="34"><param type="name"/></accessor></technique_common></source><sampler id="newVegas_LeftLeg-Matrix-animation-transform"><input semantic="INPUT" source="#newVegas_LeftLeg-Matrix-animation-input"/><input semantic="OUTPUT" source="#newVegas_LeftLeg-Matrix-animation-output-transform"/><input semantic="INTERPOLATION" source="#newVegas_LeftLeg-Interpolations"/></sampler><channel source="#newVegas_LeftLeg-Matrix-animation-transform" target="newVegas_LeftLeg/matrix"/></animation>
    <animation id="newVegas_LeftFoot-anim" name="newVegas_LeftFoot"><source id="newVegas_LeftFoot-Matrix-animation-input"><float_array id="newVegas_LeftFoot-Matrix-animation-input-array" count="34">

0.000000 0.033333 0.066667 0.100000 0.133333 0.166667 0.200000 0.233333 0.266667 0.300000 0.333333 0.366667 0.400000 0.433333 0.466667 0.500000
0.533333 0.566667 0.600000 0.633333 0.666667 0.700000 0.733333 0.766667 0.800000 0.833333 0.866667 0.900000 0.933333 0.966667 1.000000 1.033333
1.066667 1.100000</float_array><technique_common><accessor source="#newVegas_LeftFoot-Matrix-animation-input-array" count="34"><param name="TIME" type="float"/></accessor></technique_common></source><source id="newVegas_LeftFoot-Matrix-animation-output-transform"><float_array id="newVegas_LeftFoot-Matrix-animation-output-transform-array" count="544">

0.994278 0.087964 -0.060606 2.207600 -0.061766 0.936321 0.345672 -31.861799 0.087153 -0.339950 0.936396 -4.336300 0.000000 0.000000 0.000000 1.000000
0.994040 0.091490 -0.059282 2.207600 -0.062436 0.923542 0.378380 -31.861799 0.089367 -0.372423 0.923750 -4.336300 0.000000 0.000000 0.000000 1.000000
0.994056 0.091652 -0.058763 2.207600 -0.059422 0.908995 0.412549 -31.861799 0.091227 -0.406605 0.909038 -4.336300 0.000000 0.000000 0.000000 1.000000
0.994166 0.090658 -0.058444 2.207600 -0.055042 0.892367 0.447942 -31.861799 0.092763 -0.442112 0.892150 -4.336300 0.000000 0.000000 0.000000 1.000000
0.994422 0.087497 -0.058898 2.207600 -0.048547 0.875445 0.480874 -31.861799 0.093637 -0.475332 0.874810 -4.336300 0.000000 0.000000 0.000000 1.000000
0.994691 0.083959 -0.059510 2.207600 -0.042336 0.860917 0.506981 -31.861799 0.093799 -0.501770 0.859900 -4.336300 0.000000 0.000000 0.000000 1.000000
0.994924 0.080465 -0.060423 2.207600 -0.036926 0.850535 0.524621 -31.861799 0.093606 -0.519727 0.849189 -4.336300 0.000000 0.000000 0.000000 1.000000
0.994973 0.079760 -0.060561 2.207600 -0.034994 0.843502 0.535985 -31.861799 0.093834 -0.531171 0.842052 -4.336300 0.000000 0.000000 0.000000 1.000000
0.994876 0.081320 -0.060073 2.207600 -0.036024 0.840304 0.540917 -31.861799 0.094467 -0.535981 0.838928 -4.336300 0.000000 0.000000 0.000000 1.000000
0.994787 0.082668 -0.059699 2.207600 -0.037317 0.839983 0.541329 -31.861799 0.094897 -0.536279 0.838689 -4.336300 0.000000 0.000000 0.000000 1.000000
0.994711 0.083775 -0.059435 2.207600 -0.038679 0.841531 0.538822 -31.861799 0.095157 -0.533673 0.840320 -4.336300 0.000000 0.000000 0.000000 1.000000
0.994644 0.084709 -0.059231 2.207600 -0.040090 0.844340 0.534306 -31.861799 0.095271 -0.529070 0.843213 -4.336300 0.000000 0.000000 0.000000 1.000000
0.994604 0.085237 -0.059134 2.207600 -0.041191 0.847633 0.528981 -31.861799 0.095213 -0.523691 0.846571 -4.336300 0.000000 0.000000 0.000000 1.000000
0.994616 0.084984 -0.059306 2.207600 -0.041464 0.850823 0.523814 -31.861799 0.094974 -0.518534 0.849766 -4.336300 0.000000 0.000000 0.000000 1.000000
0.994674 0.084000 -0.059736 2.207600 -0.041205 0.855265 0.516551 -31.861799 0.094481 -0.511338 0.854170 -4.336300 0.000000 0.000000 0.000000 1.000000
0.994685 0.083675 -0.060005 2.207600 -0.041917 0.861349 0.506281 -31.861799 0.094048 -0.501075 0.860278 -4.336300 0.000000 0.000000 0.000000 1.000000
0.994680 0.083556 -0.060246 2.207600 -0.043283 0.869732 0.491622 -31.861799 0.093476 -0.486399 0.868722 -4.336300 0.000000 0.000000 0.000000 1.000000
0.994605 0.084469 -0.060218 2.207600 -0.046024 0.879544 0.473586 -31.861799 0.092967 -0.468259 0.878687 -4.336300 0.000000 0.000000 0.000000 1.000000
0.994519 0.085447 -0.060250 2.207600 -0.049398 0.891908 0.449510 -31.861799 0.092147 -0.444070 0.891241 -4.336300 0.000000 0.000000 0.000000 1.000000
0.994432 0.086406 -0.060332 2.207600 -0.052929 0.904554 0.423061 -31.861799 0.091128 -0.417512 0.904091 -4.336300 0.000000 0.000000 0.000000 1.000000
0.994358 0.087101 -0.060542 2.207600 -0.056357 0.917330 0.394119 -31.861799 0.089866 -0.388483 0.917063 -4.336300 0.000000 0.000000 0.000000 1.000000
0.994249 0.088302 -0.060600 2.207600 -0.060182 0.928718 0.365871 -31.861799 0.088587 -0.360119 0.928691 -4.336300 0.000000 0.000000 0.000000 1.000000
0.994214 0.088481 -0.060915 2.207600 -0.062749 0.938615 0.339212 -31.861799 0.087190 -0.333427 0.938736 -4.336300 0.000000 0.000000 0.000000 1.000000
0.994230 0.088080 -0.061222 2.207600 -0.064378 0.946494 0.316236 -31.861799 0.085800 -0.310470 0.946703 -4.336300 0.000000 0.000000 0.000000 1.000000
0.994260 0.087553 -0.061493 2.207600 -0.065583 0.952852 0.296263 -31.861799 0.084532 -0.290529 0.953125 -4.336300 0.000000 0.000000 0.000000 1.000000
0.994225 0.087879 -0.061595 2.207600 -0.067232 0.957421 0.280758 -31.861799 0.083645 -0.274995 0.957800 -4.336300 0.000000 0.000000 0.000000 1.000000
0.994142 0.088853 -0.061538 2.207600 -0.069195 0.960609 0.269150 -31.861799 0.083028 -0.263316 0.961130 -4.336300 0.000000 0.000000 0.000000 1.000000
0.993999 0.090592 -0.061309 2.207600 -0.071447 0.962082 0.263238 -31.861799 0.082832 -0.257278 0.962781 -4.336300 0.000000 0.000000 0.000000 1.000000
0.993846 0.092484 -0.060971 2.207600 -0.073351 0.961893 0.263405 -31.861799 0.083009 -0.257311 0.962757 -4.336300 0.000000 0.000000 0.000000 1.000000
0.993641 0.095009 -0.060425 2.207600 -0.075346 0.959851 0.270202 -31.861799 0.083671 -0.263931 0.960906 -4.336300 0.000000 0.000000 0.000000 1.000000
0.993498 0.096842 -0.059869 2.207600 -0.076154 0.956133 0.282860 -31.861799 0.084636 -0.276461 0.957291 -4.336300 0.000000 0.000000 0.000000 1.000000
0.993261 0.099763 -0.058999 2.207600 -0.077574 0.950425 0.301121 -31.861799 0.086115 -0.294515 0.951759 -4.336300 0.000000 0.000000 0.000000 1.000000
0.993114 0.101669 -0.058207 2.207600 -0.077702 0.943474 0.322208 -31.861799 0.087676 -0.315467 0.944878 -4.336300 0.000000 0.000000 0.000000 1.000000
0.992894 0.104398 -0.057113 2.207600 -0.078254 0.934383 0.347569 -31.861799 0.089651 -0.340630 0.935913 -4.336300 0.000000 0.000000 0.000000 1.000000</float_array><technique_common><accessor source="#newVegas_LeftFoot-Matrix-animation-output-transform-array" count="34" stride="16"><param type="float4x4"/></accessor></technique_common></source><source id="newVegas_LeftFoot-Interpolations"><Name_array id="newVegas_LeftFoot-Interpolations-array" count="34">
 LINEAR LINEAR LINEAR LINEAR LINEAR LINEAR LINEAR LINEAR LINEAR LINEAR LINEAR
LINEAR LINEAR LINEAR LINEAR LINEAR LINEAR LINEAR LINEAR LINEAR LINEAR LINEAR LINEAR
LINEAR LINEAR LINEAR LINEAR LINEAR LINEAR LINEAR LINEAR LINEAR LINEAR LINEAR</Name_array><technique_common><accessor source="#newVegas_LeftFoot-Interpolations-array" count="34"><param type="name"/></accessor></technique_common></source><sampler id="newVegas_LeftFoot-Matrix-animation-transform"><input semantic="INPUT" source="#newVegas_LeftFoot-Matrix-animation-input"/><input semantic="OUTPUT" source="#newVegas_LeftFoot-Matrix-animation-output-transform"/><input semantic="INTERPOLATION" source="#newVegas_LeftFoot-Interpolations"/></sampler><channel source="#newVegas_LeftFoot-Matrix-animation-transform" target="newVegas_LeftFoot/matrix"/></animation>
    <animation id="newVegas_RightUpLeg-anim" name="newVegas_RightUpLeg"><source id="newVegas_RightUpLeg-Matrix-animation-input"><float_array id="newVegas_RightUpLeg-Matrix-animation-input-array" count="34">

0.000000 0.033333 0.066667 0.100000 0.133333 0.166667 0.200000 0.233333 0.266667 0.300000 0.333333 0.366667 0.400000 0.433333 0.466667 0.500000
0.533333 0.566667 0.600000 0.633333 0.666667 0.700000 0.733333 0.766667 0.800000 0.833333 0.866667 0.900000 0.933333 0.966667 1.000000 1.033333
1.066667 1.100000</float_array><technique_common><accessor source="#newVegas_RightUpLeg-Matrix-animation-input-array" count="34"><param name="TIME" type="float"/></accessor></technique_common></source><source id="newVegas_RightUpLeg-Matrix-animation-output-transform"><float_array id="newVegas_RightUpLeg-Matrix-animation-output-transform-array" count="544">

0.898680 0.303952 -0.316209 -18.735201 -0.293760 0.952469 0.080671 -5.666700 0.325699 0.020392 0.945253 -4.541200 0.000000 0.000000 0.000000 1.000000
0.889121 0.326974 -0.320237 -18.735201 -0.325753 0.943610 0.059027 -5.666700 0.321480 0.051836 0.945497 -4.541200 0.000000 0.000000 0.000000 1.000000
0.879376 0.348184 -0.324755 -18.735201 -0.358267 0.933127 0.030326 -5.666700 0.313597 0.089681 0.945312 -4.541200 0.000000 0.000000 0.000000 1.000000
0.871525 0.364087 -0.328460 -18.735201 -0.386731 0.922184 -0.003930 -5.666700 0.301470 0.130451 0.944510 -4.541200 0.000000 0.000000 0.000000 1.000000
0.867500 0.371489 -0.330817 -18.735201 -0.406185 0.912916 -0.039983 -5.666700 0.287155 0.169059 0.942847 -4.541200 0.000000 0.000000 0.000000 1.000000
0.865795 0.374705 -0.331654 -18.735201 -0.418783 0.905355 -0.070375 -5.666700 0.273895 0.199822 0.940772 -4.541200 0.000000 0.000000 0.000000 1.000000
0.865442 0.376888 -0.330099 -18.735201 -0.425564 0.900701 -0.087363 -5.666700 0.264395 0.216086 0.939895 -4.541200 0.000000 0.000000 0.000000 1.000000
0.864747 0.380809 -0.327410 -18.735201 -0.430453 0.897849 -0.092615 -5.666700 0.258696 0.221023 0.940332 -4.541200 0.000000 0.000000 0.000000 1.000000
0.863508 0.386580 -0.323896 -18.735201 -0.434224 0.896535 -0.087600 -5.666700 0.256520 0.216287 0.942028 -4.541200 0.000000 0.000000 0.000000 1.000000
0.863021 0.389582 -0.321591 -18.735201 -0.435638 0.896256 -0.083331 -5.666700 0.255763 0.212014 0.943205 -4.541200 0.000000 0.000000 0.000000 1.000000
0.863042 0.390464 -0.320463 -18.735201 -0.435512 0.896580 -0.080455 -5.666700 0.255906 0.209002 0.943838 -4.541200 0.000000 0.000000 0.000000 1.000000
0.863438 0.390168 -0.319755 -18.735201 -0.434301 0.897409 -0.077722 -5.666700 0.256626 0.205978 0.944307 -4.541200 0.000000 0.000000 0.000000 1.000000
0.864373 0.388703 -0.319012 -18.735201 -0.431856 0.898823 -0.074949 -5.666700 0.257602 0.202552 0.944782 -4.541200 0.000000 0.000000 0.000000 1.000000
0.866147 0.385821 -0.317698 -18.735201 -0.427754 0.901026 -0.071966 -5.666700 0.258488 0.198229 0.945457 -4.541200 0.000000 0.000000 0.000000 1.000000
0.868997 0.381005 -0.315719 -18.735201 -0.421076 0.904516 -0.067427 -5.666700 0.259883 0.191535 0.946454 -4.541200 0.000000 0.000000 0.000000 1.000000
0.871863 0.375716 -0.314153 -18.735201 -0.413288 0.908599 -0.060339 -5.666700 0.262768 0.182443 0.947453 -4.541200 0.000000 0.000000 0.000000 1.000000
0.875592 0.368555 -0.312259 -18.735201 -0.402407 0.914125 -0.049443 -5.666700 0.267222 0.168947 0.948709 -4.541200 0.000000 0.000000 0.000000 1.000000
0.878735 0.362379 -0.310656 -18.735201 -0.391487 0.919527 -0.034752 -5.666700 0.273063 0.152156 0.949887 -4.541200 0.000000 0.000000 0.000000 1.000000
0.882384 0.353756 -0.310249 -18.735201 -0.377953 0.925619 -0.019522 -5.666700 0.280266 0.134486 0.950455 -4.541200 0.000000 0.000000 0.000000 1.000000
0.886467 0.344036 -0.309542 -18.735201 -0.362589 0.931946 -0.002586 -5.666700 0.287587 0.114529 0.950882 -4.541200 0.000000 0.000000 0.000000 1.000000
0.891126 0.332785 -0.308462 -18.735201 -0.345089 0.938442 0.015503 -5.666700 0.294633 0.092632 0.951110 -4.541200 0.000000 0.000000 0.000000 1.000000
0.896171 0.320855 -0.306479 -18.735201 -0.326650 0.944545 0.033696 -5.666700 0.300295 0.069914 0.951281 -4.541200 0.000000 0.000000 0.000000 1.000000
0.901359 0.309583 -0.302838 -18.735201 -0.308084 0.949825 0.054008 -5.666700 0.304363 0.044619 0.951511 -4.541200 0.000000 0.000000 0.000000 1.000000
0.905515 0.301475 -0.298589 -18.735201 -0.292906 0.953258 0.074193 -5.666700 0.307000 0.020276 0.951494 -4.541200 0.000000 0.000000 0.000000 1.000000
