<?xml version="1.0" encoding="utf-8"?>
<COLLADA xmlns="http://www.collada.org/2005/11/COLLADASchema" version="1.4.1">
  <asset><contributor><author>Mixamo</author><authoring_tool>COLLADA Mixamo exporter</authoring_tool><comments></comments></contributor><created>2021-07-22T14:28:43Z</created><modified>2021-07-22T14:28:43Z</modified><revision></revision><title></title><unit meter="0.010000"/><up_axis>Y_UP</up_axis></asset>
  <library_animations>
    <animation id="Hips-anim" name="Hips"><source id="Hips-Matrix-animation-input"><float_array id="Hips-Matrix-animation-input-array" count="87">

0.000000 0.033333 0.066667 0.100000 0.133333 0.166667 0.200000 0.233333 0.266667 0.300000 0.333333 0.366667 0.400000 0.433333 0.466667 0.500000
0.533333 0.566667 0.600000 0.633333 0.666667 0.700000 0.733333 0.766667 0.800000 0.833333 0.866667 0.900000 0.933333 0.966667 1.000000 1.033333
1.066667 1.100000 1.133333 1.166667 1.200000 1.233333 1.266667 1.300000 1.333333 1.366667 1.400000 1.433333 1.466667 1.500000 1.533333 1.566667
1.600000 1.633333 1.666667 1.700000 1.733333 1.766667 1.800000 1.833333 1.866667 1.900000 1.933333 1.966667 2.000000 2.033333 2.066667 2.100000
2.133333 2.166667 2.200000 2.233333 2.266667 2.300000 2.333333 2.366667 2.400000 2.433333 2.466667 2.500000 2.533333 2.566667 2.600000 2.633333
2.666667 2.700000 2.733333 2.766667 2.800000 2.833333 2.866667</float_array><technique_common><accessor source="#Hips-Matrix-animation-input-array" count="87"><param name="TIME" type="float"/></accessor></technique_common></source><source id="Hips-Matrix-animation-output-transform"><float_array id="Hips-Matrix-animation-output-transform-array" count="1392">

0.995119 0.082124 0.054712 0.887077 -0.087489 0.990700 0.104206 110.919884 -0.045645 -0.108484 0.993050 -0.777760 0.000000 0.000000 0.000000 1.000000
0.994761 0.083849 0.058486 0.378339 -0.089564 0.990626 0.103138 111.130127 -0.049290 -0.107836 0.992946 -0.634492 0.000000 0.000000 0.000000 1.000000
0.994545 0.084242 0.061511 0.050183 -0.090164 0.990805 0.100871 111.611046 -0.052448 -0.105867 0.992996 -0.407146 0.000000 0.000000 0.000000 1.000000
0.994635 0.081810 0.063317 -0.108802 -0.087771 0.991316 0.097920 112.248489 -0.054756 -0.102952 0.993178 -0.221772 0.000000 0.000000 0.000000 1.000000
0.995146 0.075950 0.062574 -0.141864 -0.081679 0.992143 0.094762 112.993362 -0.054886 -0.099413 0.993531 -0.160482 0.000000 0.000000 0.000000 1.000000
0.995958 0.068402 0.058208 -0.070253 -0.073576 0.993042 0.091951 113.430786 -0.051513 -0.095862 0.994061 -0.275977 0.000000 0.000000 0.000000 1.000000
0.997097 0.057758 0.049607 0.151620 -0.062054 0.994010 0.089958 113.321701 -0.044114 -0.092775 0.994709 -0.625610 0.000000 0.000000 0.000000 1.000000
0.997874 0.053594 0.037084 0.620820 -0.056705 0.994445 0.088677 112.710640 -0.032126 -0.090591 0.995370 -1.044074 0.000000 0.000000 0.000000 1.000000
0.998294 0.054347 0.021336 1.274555 -0.056019 0.994569 0.087718 112.231094 -0.016453 -0.088764 0.995917 -1.248290 0.000000 0.000000 0.000000 1.000000
0.998380 0.056383 0.007672 1.850604 -0.056837 0.994585 0.087007 111.552185 -0.002725 -0.087302 0.996178 -1.284890 0.000000 0.000000 0.000000 1.000000
0.998342 0.057394 -0.004462 2.354805 -0.056786 0.994558 0.087345 110.574226 0.009451 -0.086947 0.996168 -1.449788 0.000000 0.000000 0.000000 1.000000
0.998067 0.060065 -0.015967 2.949061 -0.058413 0.994307 0.089121 108.997208 0.021229 -0.088016 0.995893 -1.240438 0.000000 0.000000 0.000000 1.000000
0.998079 0.056096 -0.026301 3.657856 -0.053454 0.994306 0.092187 108.118942 0.031322 -0.090604 0.995394 -1.004479 0.000000 0.000000 0.000000 1.000000
0.998327 0.045178 -0.036098 4.497844 -0.041526 0.994496 0.096198 107.685394 0.040246 -0.094538 0.994707 -0.746117 0.000000 0.000000 0.000000 1.000000
0.998588 0.027420 -0.045498 5.363500 -0.022725 0.994659 0.100686 107.499550 0.048015 -0.099510 0.993877 -0.755423 0.000000 0.000000 0.000000 1.000000
0.998449 0.008879 -0.054970 6.298352 -0.003040 0.994425 0.105399 107.359871 0.055600 -0.105068 0.992910 -0.678681 0.000000 0.000000 0.000000 1.000000
0.997857 -0.006973 -0.065067 7.248798 0.014115 0.993835 0.109970 107.104019 0.063899 -0.110653 0.991803 -0.549252 0.000000 0.000000 0.000000 1.000000
0.996856 -0.023308 -0.075731 8.112270 0.031857 0.993003 0.113711 106.866249 0.072551 -0.115766 0.990623 -0.642949 0.000000 0.000000 0.000000 1.000000
0.995547 -0.038753 -0.085927 8.816209 0.048619 0.992072 0.115881 106.805534 0.080756 -0.119543 0.989539 -1.066778 0.000000 0.000000 0.000000 1.000000
0.994334 -0.049673 -0.093986 9.339334 0.060430 0.991490 0.115311 107.035522 0.087459 -0.120337 0.988873 -1.522624 0.000000 0.000000 0.000000 1.000000
0.993609 -0.055451 -0.098316 9.789874 0.066355 0.991563 0.111355 107.563065 0.091312 -0.117168 0.988905 -1.850323 0.000000 0.000000 0.000000 1.000000
0.993429 -0.058525 -0.098352 10.212200 0.068817 0.992115 0.104743 108.301361 0.091447 -0.110823 0.989624 -2.095860 0.000000 0.000000 0.000000 1.000000
0.993645 -0.060674 -0.094805 10.580515 0.069882 0.992825 0.097031 109.043755 0.088238 -0.103039 0.990756 -2.170061 0.000000 0.000000 0.000000 1.000000
0.993975 -0.061656 -0.090623 10.823750 0.069778 0.993551 0.089371 109.751106 0.084528 -0.095156 0.991867 -2.108183 0.000000 0.000000 0.000000 1.000000
0.994623 -0.060144 -0.084306 10.918661 0.067076 0.994377 0.081952 110.479263 0.078903 -0.087166 0.993064 -1.998052 0.000000 0.000000 0.000000 1.000000
0.995585 -0.054807 -0.076198 10.886381 0.060479 0.995405 0.074239 111.104225 0.071779 -0.078520 0.994325 -1.931776 0.000000 0.000000 0.000000 1.000000
0.996666 -0.045839 -0.067501 10.764442 0.050296 0.996560 0.065873 111.481216 0.064249 -0.069048 0.995542 -1.977522 0.000000 0.000000 0.000000 1.000000
0.997630 -0.034284 -0.059664 10.578694 0.037692 0.997664 0.056970 111.574318 0.057571 -0.059084 0.996592 -2.172795 0.000000 0.000000 0.000000 1.000000
0.998528 -0.019170 -0.050742 10.359325 0.021607 0.998617 0.047932 111.296852 0.049753 -0.048958 0.997561 -2.580347 0.000000 0.000000 0.000000 1.000000
0.999120 -0.005600 -0.041575 10.007876 0.007232 0.999205 0.039199 110.899017 0.041322 -0.039465 0.998366 -3.240871 0.000000 0.000000 0.000000 1.000000
0.999532 0.004144 -0.030318 9.524850 -0.003185 0.999495 0.031619 110.351158 0.030434 -0.031508 0.999040 -3.946398 0.000000 0.000000 0.000000 1.000000
0.999784 0.011847 -0.017063 8.943157 -0.011390 0.999581 0.026628 109.736282 0.017372 -0.026428 0.999500 -4.564469 0.000000 0.000000 0.000000 1.000000
0.999865 0.015836 -0.004428 8.330108 -0.015721 0.999565 0.024936 109.100464 0.004821 -0.024863 0.999679 -4.752932 0.000000 0.000000 0.000000 1.000000
0.999917 0.010399 0.007614 7.547390 -0.010600 0.999583 0.026850 108.210899 -0.007332 -0.026928 0.999610 -4.215898 0.000000 0.000000 0.000000 1.000000
0.999823 0.007240 0.017372 6.607306 -0.007790 0.999464 0.031789 107.858101 -0.017132 -0.031918 0.999344 -3.570861 0.000000 0.000000 0.000000 1.000000
0.999636 0.006040 0.026312 5.534332 -0.007053 0.999231 0.038570 107.891602 -0.026058 -0.038742 0.998909 -2.909615 0.000000 0.000000 0.000000 1.000000
0.999377 0.008933 0.034149 4.479146 -0.010493 0.998896 0.045784 107.988686 -0.033703 -0.046113 0.998368 -2.435966 0.000000 0.000000 0.000000 1.000000
0.999096 0.011768 0.040853 3.410937 -0.013912 0.998518 0.052608 108.033569 -0.040173 -0.053128 0.997779 -2.141152 0.000000 0.000000 0.000000 1.000000
0.998690 0.021235 0.046556 2.362106 -0.023951 0.997997 0.058560 107.958786 -0.045219 -0.059598 0.997198 -2.216223 0.000000 0.000000 0.000000 1.000000
0.998188 0.032749 0.050481 1.428598 -0.035930 0.997337 0.063467 107.835274 -0.048268 -0.065165 0.996706 -2.457120 0.000000 0.000000 0.000000 1.000000
0.997559 0.046594 0.052014 0.711314 -0.050049 0.996481 0.067231 107.925934 -0.048699 -0.069670 0.996381 -2.789571 0.000000 0.000000 0.000000 1.000000
0.996879 0.060116 0.051161 0.161952 -0.063607 0.995545 0.069602 108.417725 -0.046749 -0.072639 0.996262 -2.993184 0.000000 0.000000 0.000000 1.000000
0.996348 0.070624 0.047991 -0.362778 -0.073896 0.994789 0.070241 109.261742 -0.042781 -0.073531 0.996375 -2.970336 0.000000 0.000000 0.000000 1.000000
0.995902 0.079517 0.043083 -0.940052 -0.082370 0.994204 0.069092 110.278656 -0.037339 -0.072358 0.996680 -2.843990 0.000000 0.000000 0.000000 1.000000
0.995470 0.087724 0.036667 -1.520499 -0.090023 0.993708 0.066632 111.284149 -0.030591 -0.069631 0.997104 -2.655217 0.000000 0.000000 0.000000 1.000000
0.995221 0.093557 0.027965 -1.993442 -0.095174 0.993430 0.063550 112.216499 -0.021836 -0.065908 0.997587 -2.386439 0.000000 0.000000 0.000000 1.000000
0.995317 0.095185 0.016861 -2.297231 -0.096037 0.993553 0.060238 113.192223 -0.011018 -0.061575 0.998042 -2.128806 0.000000 0.000000 0.000000 1.000000
0.995720 0.092319 0.004264 -2.449366 -0.092412 0.994106 0.056694 114.223427 0.000995 -0.056845 0.998382 -1.961003 0.000000 0.000000 0.000000 1.000000
0.996185 0.086822 -0.008778 -2.504498 -0.086240 0.994864 0.052995 115.019226 0.013334 -0.052036 0.998556 -1.916227 0.000000 0.000000 0.000000 1.000000
0.996467 0.081162 -0.021571 -2.357556 -0.080017 0.995563 0.049513 115.423584 0.025494 -0.047612 0.998541 -2.007627 0.000000 0.000000 0.000000 1.000000
0.996482 0.076172 -0.034941 -2.006068 -0.074509 0.996128 0.046656 115.254837 0.038360 -0.043889 0.998300 -2.246314 0.000000 0.000000 0.000000 1.000000
0.995611 0.079421 -0.049516 -1.504104 -0.077223 0.996005 0.044834 114.724045 0.052879 -0.040813 0.997767 -2.003571 0.000000 0.000000 0.000000 1.000000
0.994682 0.081387 -0.063118 -1.110699 -0.078641 0.995895 0.044829 113.749336 0.066508 -0.039627 0.996999 -1.710511 0.000000 0.000000 0.000000 1.000000
0.993963 0.078970 -0.076172 -0.772652 -0.075523 0.996030 0.047117 112.847504 0.079590 -0.041080 0.995981 -1.785562 0.000000 0.000000 0.000000 1.000000
0.993417 0.072949 -0.088319 -0.362766 -0.068668 0.996357 0.050577 112.245651 0.091687 -0.044179 0.994807 -2.038899 0.000000 0.000000 0.000000 1.000000
0.992386 0.070535 -0.100965 0.235259 -0.065373 0.996423 0.053557 111.492355 0.104382 -0.046549 0.993447 -1.673724 0.000000 0.000000 0.000000 1.000000
0.992024 0.058189 -0.111816 0.931579 -0.052267 0.997108 0.055179 111.052879 0.114704 -0.048894 0.992196 -1.262927 0.000000 0.000000 0.000000 1.000000
0.991561 0.041722 -0.122747 1.605183 -0.035006 0.997796 0.056376 110.341698 0.124829 -0.051603 0.990835 -1.125040 0.000000 0.000000 0.000000 1.000000
0.990639 0.028109 -0.133584 2.383816 -0.020468 0.998093 0.058235 109.797646 0.134966 -0.054956 0.989325 -0.755893 0.000000 0.000000 0.000000 1.000000
0.989334 0.012394 -0.145140 3.227915 -0.003421 0.998076 0.061910 109.322693 0.145628 -0.060753 0.987472 -0.569625 0.000000 0.000000 0.000000 1.000000
0.987988 -0.002226 -0.154514 4.005267 0.012876 0.997605 0.067955 108.697723 0.153992 -0.069128 0.985651 -0.486579 0.000000 0.000000 0.000000 1.000000
0.986551 -0.016490 -0.162619 4.569524 0.028999 0.996773 0.074854 108.153008 0.160859 -0.078563 0.983846 -0.578479 0.000000 0.000000 0.000000 1.000000
0.985601 -0.029144 -0.166554 4.910608 0.042944 0.995880 0.079866 107.936226 0.163541 -0.085868 0.982793 -0.792095 0.000000 0.000000 0.000000 1.000000
0.984832 -0.037157 -0.169483 5.150851 0.051561 0.995347 0.081395 107.953575 0.165670 -0.088900 0.982166 -0.992385 0.000000 0.000000 0.000000 1.000000
0.984330 -0.041364 -0.171418 5.377056 0.055733 0.995245 0.079881 108.259361 0.167298 -0.088183 0.981955 -1.144882 0.000000 0.000000 0.000000 1.000000
0.984340 -0.047067 -0.169880 5.574531 0.060859 0.995179 0.076912 108.571785 0.165441 -0.086046 0.982459 -1.043085 0.000000 0.000000 0.000000 1.000000
0.984861 -0.050649 -0.165783 5.769191 0.063580 0.995256 0.073644 109.202713 0.161266 -0.083069 0.983409 -0.769432 0.000000 0.000000 0.000000 1.000000
0.985517 -0.051575 -0.161541 5.888788 0.063526 0.995543 0.069707 110.066704 0.157226 -0.078960 0.984401 -0.495264 0.000000 0.000000 0.000000 1.000000
0.986608 -0.048749 -0.155653 5.884652 0.059369 0.996161 0.064325 111.056778 0.151920 -0.072705 0.985715 -0.326500 0.000000 0.000000 0.000000 1.000000
0.988334 -0.041455 -0.146552 5.765213 0.050330 0.997083 0.057378 112.061615 0.143746 -0.064084 0.987537 -0.305423 0.000000 0.000000 0.000000 1.000000
0.990269 -0.030734 -0.135732 5.553440 0.037762 0.998059 0.049511 112.943626 0.133947 -0.054154 0.989508 -0.424831 0.000000 0.000000 0.000000 1.000000
0.992081 -0.018750 -0.124193 5.269754 0.024112 0.998834 0.041816 113.433876 0.123264 -0.044479 0.991377 -0.632753 0.000000 0.000000 0.000000 1.000000
0.993559 -0.010396 -0.112835 4.979750 0.014487 0.999265 0.035500 113.253395 0.112383 -0.036906 0.992979 -0.786597 0.000000 0.000000 0.000000 1.000000
0.995144 -0.002466 -0.098395 4.682329 0.005610 0.999482 0.031690 113.308228 0.098266 -0.032088 0.994643 -0.995695 0.000000 0.000000 0.000000 1.000000
0.996576 0.002868 -0.082627 4.352420 -0.000314 0.999522 0.030914 113.092834 0.082676 -0.030782 0.996101 -1.136229 0.000000 0.000000 0.000000 1.000000
0.997683 0.006658 -0.067709 4.001881 -0.004443 0.999452 0.032806 112.602989 0.067890 -0.032430 0.997166 -1.168162 0.000000 0.000000 0.000000 1.000000
0.998469 0.008415 -0.054664 3.625552 -0.006439 0.999323 0.036229 111.905518 0.054932 -0.035822 0.997847 -0.890917 0.000000 0.000000 0.000000 1.000000
0.999147 0.009566 -0.040163 3.231814 -0.007971 0.999180 0.039691 111.074783 0.040510 -0.039337 0.998405 -0.478209 0.000000 0.000000 0.000000 1.000000
0.999551 0.015311 -0.025765 2.834211 -0.014205 0.998993 0.042564 110.559074 0.026391 -0.042179 0.998761 -0.286525 0.000000 0.000000 0.000000 1.000000
0.999705 0.020981 -0.012260 2.436463 -0.020377 0.998663 0.047502 110.035156 0.013240 -0.047238 0.998796 0.036812 0.000000 0.000000 0.000000 1.000000
0.999433 0.033662 0.000629 2.046160 -0.033646 0.997954 0.054375 109.183716 0.001203 -0.054365 0.998520 -0.222031 0.000000 0.000000 0.000000 1.000000
0.998808 0.047148 0.012636 1.728334 -0.047853 0.996873 0.062878 108.844650 -0.009632 -0.063408 0.997941 -0.475895 0.000000 0.000000 0.000000 1.000000
0.997801 0.061693 0.024214 1.508074 -0.063302 0.995356 0.072521 108.808563 -0.019628 -0.073895 0.997073 -0.707135 0.000000 0.000000 0.000000 1.000000
0.996576 0.074845 0.035142 1.366497 -0.077541 0.993534 0.082933 109.169647 -0.028708 -0.085374 0.995935 -0.850446 0.000000 0.000000 0.000000 1.000000
0.995922 0.079066 0.043441 1.236490 -0.082883 0.992068 0.094510 109.868782 -0.035624 -0.097725 0.994576 -0.803245 0.000000 0.000000 0.000000 1.000000
0.995682 0.078390 0.049716 1.069436 -0.083179 0.991199 0.102981 110.716400 -0.041205 -0.106672 0.993440 -0.743350 0.000000 0.000000 0.000000 1.000000
0.995119 0.082124 0.054712 0.887077 -0.087489 0.990700 0.104206 110.919884 -0.045645 -0.108484 0.993050 -0.777760 0.000000 0.000000 0.000000 1.000000</float_array><technique_common><accessor source="#Hips-Matrix-animation-output-transform-array" count="87" stride="16"><param type="float4x4"/></accessor></technique_common></source><source id="Hips-Interpolations"><Name_array id="Hips-Interpolations-array" count="87">
 LINEAR LINEAR LINEAR LINEAR LINEAR LINEAR LINEAR LINEAR LINEAR LINEAR LINEAR
LINEAR LINEAR LINEAR LINEAR LINEAR LINEAR LINEAR LINEAR LINEAR LINEAR LINEAR LINEAR
LINEAR LINEAR LINEAR LINEAR LINEAR LINEAR LINEAR LINEAR LINEAR LINEAR LINEAR LINEAR
LINEAR LINEAR LINEAR LINEAR LINEAR LINEAR LINEAR LINEAR LINEAR LINEAR LINEAR LINEAR
LINEAR LINEAR LINEAR LINEAR LINEAR LINEAR LINEAR LINEAR LINEAR LINEAR LINEAR LINEAR
LINEAR LINEAR LINEAR LINEAR LINEAR LINEAR LINEAR LINEAR LINEAR LINEAR LINEAR LINEAR
LINEAR LINEAR LINEAR LINEAR LINEAR LINEAR LINEAR LINEAR LINEAR LINEAR LINEAR LINEAR
LINEAR LINEAR LINEAR LINEAR</Name_array><technique_common><accessor source="#Hips-Interpolations-array" count="87"><param type="name"/></accessor></technique_common></source><sampler id="Hips-Matrix-animation-transform"><input semantic="INPUT" source="#Hips-Matrix-animation-input"/><input semantic="OUTPUT" source="#Hips-Matrix-animation-output-transform"/><input semantic="INTERPOLATION" source="#Hips-Interpolations"/></sampler><channel source="#Hips-Matrix-animation-transform" target="Hips/matrix"/></animation>
    <animation id="Spine-anim" name="Spine"><source id="Spine-Matrix-animation-input"><float_array id="Spine-Matrix-animation-input-array" count="87">

0.000000 0.033333 0.066667 0.100000 0.133333 0.166667 0.200000 0.233333 0.266667 0.300000 0.333333 0.366667 0.400000 0.433333 0.466667 0.500000
0.533333 0.566667 0.600000 0.633333 0.666667 0.700000 0.733333 0.766667 0.800000 0.833333 0.866667 0.900000 0.933333 0.966667 1.000000 1.033333
1.066667 1.100000 1.133333 1.166667 1.200000 1.233333 1.266667 1.300000 1.333333 1.366667 1.400000 1.433333 1.466667 1.500000 1.533333 1.566667
1.600000 1.633333 1.666667 1.700000 1.733333 1.766667 1.800000 1.833333 1.866667 1.900000 1.933333 1.966667 2.000000 2.033333 2.066667 2.100000
2.133333 2.166667 2.200000 2.233333 2.266667 2.300000 2.333333 2.366667 2.400000 2.433333 2.466667 2.500000 2.533333 2.566667 2.600000 2.633333
2.666667 2.700000 2.733333 2.766667 2.800000 2.833333 2.866667</float_array><technique_common><accessor source="#Spine-Matrix-animation-input-array" count="87"><param name="TIME" type="float"/></accessor></technique_common></source><source id="Spine-Matrix-animation-output-transform"><float_array id="Spine-Matrix-animation-output-transform-array" count="1392">

0.998825 -0.046539 -0.013505 0.072000 0.046829 0.998660 0.022047 7.257300 0.012461 -0.022654 0.999666 -0.789700 0.000000 0.000000 0.000000 1.000000
0.998856 -0.046883 -0.009411 0.072000 0.047079 0.998654 0.021767 7.257300 0.008378 -0.022185 0.999719 -0.789700 0.000000 0.000000 0.000000 1.000000
0.999004 -0.044378 -0.004644 0.072000 0.044468 0.998780 0.021463 7.257300 0.003686 -0.021649 0.999759 -0.789700 0.000000 0.000000 0.000000 1.000000
0.999289 -0.037700 0.000312 0.072000 0.037685 0.999062 0.021313 7.257300 -0.001115 -0.021286 0.999773 -0.789700 0.000000 0.000000 0.000000 1.000000
0.999617 -0.027249 0.004835 0.072000 0.027139 0.999403 0.021372 7.257300 -0.005414 -0.021233 0.999760 -0.789700 0.000000 0.000000 0.000000 1.000000
0.999845 -0.015549 0.008227 0.072000 0.015367 0.999646 0.021733 7.257300 -0.008562 -0.021603 0.999730 -0.789700 0.000000 0.000000 0.000000 1.000000
0.999941 0.000143 0.010863 0.072000 -0.000388 0.999744 0.022609 7.257300 -0.010857 -0.022612 0.999685 -0.789700 0.000000 0.000000 0.000000 1.000000
0.999849 0.011748 0.012766 0.072000 -0.012055 0.999633 0.024244 7.257300 -0.012477 -0.024395 0.999625 -0.789700 0.000000 0.000000 0.000000 1.000000
0.999708 0.019458 0.014318 0.072000 -0.019830 0.999455 0.026377 7.257300 -0.013797 -0.026654 0.999550 -0.789700 0.000000 0.000000 0.000000 1.000000
0.999626 0.022958 0.014872 0.072000 -0.023373 0.999326 0.028306 7.257300 -0.014212 -0.028643 0.999489 -0.789700 0.000000 0.000000 0.000000 1.000000
0.999636 0.021261 0.016594 0.072000 -0.021742 0.999332 0.029382 7.257300 -0.015958 -0.029732 0.999431 -0.789700 0.000000 0.000000 0.000000 1.000000
0.999764 0.012255 0.017927 0.072000 -0.012782 0.999481 0.029579 7.257300 -0.017555 -0.029801 0.999402 -0.789700 0.000000 0.000000 0.000000 1.000000
0.999812 0.006525 0.018285 0.072000 -0.007054 0.999553 0.029055 7.257300 -0.018087 -0.029178 0.999411 -0.789700 0.000000 0.000000 0.000000 1.000000
0.999824 0.003837 0.018390 0.072000 -0.004354 0.999594 0.028153 7.257300 -0.018274 -0.028228 0.999434 -0.789700 0.000000 0.000000 0.000000 1.000000
0.999812 0.005608 0.018536 0.072000 -0.006111 0.999612 0.027177 7.257300 -0.018376 -0.027285 0.999459 -0.789700 0.000000 0.000000 0.000000 1.000000
0.999769 0.010406 0.018815 0.072000 -0.010901 0.999592 0.026416 7.257300 -0.018532 -0.026615 0.999474 -0.789700 0.000000 0.000000 0.000000 1.000000
0.999689 0.015960 0.019161 0.072000 -0.016453 0.999530 0.025859 7.257300 -0.018740 -0.026166 0.999482 -0.789700 0.000000 0.000000 0.000000 1.000000
0.999530 0.023579 0.019569 0.072000 -0.024068 0.999393 0.025167 7.257300 -0.018963 -0.025627 0.999492 -0.789700 0.000000 0.000000 0.000000 1.000000
0.999280 0.032386 0.019759 0.072000 -0.032859 0.999169 0.024101 7.257300 -0.018962 -0.024732 0.999514 -0.789700 0.000000 0.000000 0.000000 1.000000
0.999025 0.039938 0.018801 0.072000 -0.040364 0.998923 0.022875 7.257300 -0.017867 -0.023612 0.999562 -0.789700 0.000000 0.000000 0.000000 1.000000
0.998837 0.045373 0.016282 0.072000 -0.045724 0.998714 0.021885 7.257300 -0.015268 -0.022604 0.999628 -0.789700 0.000000 0.000000 0.000000 1.000000
0.998695 0.049554 0.012321 0.072000 -0.049808 0.998532 0.021266 7.257300 -0.011249 -0.021852 0.999698 -0.789700 0.000000 0.000000 0.000000 1.000000
0.998606 0.052297 0.007201 0.072000 -0.052437 0.998407 0.020848 7.257300 -0.006099 -0.021196 0.999757 -0.789700 0.000000 0.000000 0.000000 1.000000
0.998614 0.052617 0.001364 0.072000 -0.052634 0.998404 0.020466 7.257300 -0.000285 -0.020510 0.999790 -0.789700 0.000000 0.000000 0.000000 1.000000
0.998782 0.049128 -0.004578 0.072000 -0.049026 0.998594 0.020182 7.257300 0.005563 -0.019933 0.999786 -0.789700 0.000000 0.000000 0.000000 1.000000
0.999110 0.040986 -0.009997 0.072000 -0.040778 0.998965 0.020176 7.257300 0.010813 -0.019750 0.999746 -0.789700 0.000000 0.000000 0.000000 1.000000
0.999469 0.029282 -0.014277 0.072000 -0.028986 0.999369 0.020510 7.257300 0.014869 -0.020085 0.999688 -0.789700 0.000000 0.000000 0.000000 1.000000
0.999726 0.016002 -0.017106 0.072000 -0.015640 0.999655 0.021084 7.257300 0.017438 -0.020811 0.999631 -0.789700 0.000000 0.000000 0.000000 1.000000
0.999823 0.000318 -0.018817 0.072000 0.000091 0.999764 0.021724 7.257300 0.018819 -0.021722 0.999587 -0.789700 0.000000 0.000000 0.000000 1.000000
0.999724 -0.013139 -0.019495 0.072000 0.013575 0.999657 0.022416 7.257300 0.019194 -0.022674 0.999559 -0.789700 0.000000 0.000000 0.000000 1.000000
0.999553 -0.022287 -0.019908 0.072000 0.022746 0.999474 0.023096 7.257300 0.019383 -0.023539 0.999535 -0.789700 0.000000 0.000000 0.000000 1.000000
0.999392 -0.028417 -0.020214 0.072000 0.028891 0.999306 0.023534 7.257300 0.019531 -0.024103 0.999519 -0.789700 0.000000 0.000000 0.000000 1.000000
0.999370 -0.028893 -0.020617 0.072000 0.029380 0.999286 0.023757 7.257300 0.019916 -0.024347 0.999505 -0.789700 0.000000 0.000000 0.000000 1.000000
0.999580 -0.018059 -0.022681 0.072000 0.018601 0.999541 0.023933 7.257300 0.022238 -0.024345 0.999456 -0.789700 0.000000 0.000000 0.000000 1.000000
0.999691 -0.009546 -0.022940 0.072000 0.010098 0.999659 0.024074 7.257300 0.022703 -0.024298 0.999447 -0.789700 0.000000 0.000000 0.000000 1.000000
0.999727 -0.004866 -0.022848 0.072000 0.005422 0.999688 0.024368 7.257300 0.022722 -0.024485 0.999442 -0.789700 0.000000 0.000000 0.000000 1.000000
0.999722 -0.006387 -0.022697 0.072000 0.006952 0.999665 0.024924 7.257300 0.022530 -0.025075 0.999432 -0.789700 0.000000 0.000000 0.000000 1.000000
0.999709 -0.008720 -0.022480 0.072000 0.009300 0.999624 0.025793 7.257300 0.022246 -0.025994 0.999415 -0.789700 0.000000 0.000000 0.000000 1.000000
0.999597 -0.017051 -0.022701 0.072000 0.017654 0.999489 0.026646 7.257300 0.022235 -0.027036 0.999387 -0.789700 0.000000 0.000000 0.000000 1.000000
0.999408 -0.025860 -0.022701 0.072000 0.026475 0.999279 0.027214 7.257300 0.021981 -0.027799 0.999372 -0.789700 0.000000 0.000000 0.000000 1.000000
0.999142 -0.035198 -0.021813 0.072000 0.035785 0.998991 0.027143 7.257300 0.020835 -0.027901 0.999394 -0.789700 0.000000 0.000000 0.000000 1.000000
0.998861 -0.043381 -0.019883 0.072000 0.043899 0.998687 0.026388 7.257300 0.018712 -0.027231 0.999454 -0.789700 0.000000 0.000000 0.000000 1.000000
0.998670 -0.048666 -0.017050 0.072000 0.049087 0.998477 0.025193 7.257300 0.015798 -0.025997 0.999537 -0.789700 0.000000 0.000000 0.000000 1.000000
0.998555 -0.051995 -0.013562 0.072000 0.052308 0.998345 0.023882 7.257300 0.012298 -0.024556 0.999623 -0.789700 0.000000 0.000000 0.000000 1.000000
0.998519 -0.053573 -0.009467 0.072000 0.053777 0.998295 0.022714 7.257300 0.008234 -0.023190 0.999697 -0.789700 0.000000 0.000000 0.000000 1.000000
0.998656 -0.051594 -0.004971 0.072000 0.051691 0.998424 0.021863 7.257300 0.003835 -0.022091 0.999749 -0.789700 0.000000 0.000000 0.000000 1.000000
0.998989 -0.044944 -0.000610 0.072000 0.044947 0.998760 0.021404 7.257300 -0.000353 -0.021410 0.999771 -0.789700 0.000000 0.000000 0.000000 1.000000
0.999397 -0.034585 0.002989 0.072000 0.034513 0.999175 0.021415 7.257300 -0.003727 -0.021299 0.999766 -0.789700 0.000000 0.000000 0.000000 1.000000
0.999723 -0.022916 0.005352 0.072000 0.022793 0.999497 0.022051 7.257300 -0.005854 -0.021923 0.999743 -0.789700 0.000000 0.000000 0.000000 1.000000
0.999917 -0.011177 0.006389 0.072000 0.011023 0.999662 0.023542 7.257300 -0.006650 -0.023470 0.999702 -0.789700 0.000000 0.000000 0.000000 1.000000
0.999975 0.001238 0.006927 0.072000 -0.001418 0.999663 0.025928 7.257300 -0.006892 -0.025937 0.999640 -0.789700 0.000000 0.000000 0.000000 1.000000
0.999956 0.005336 0.007655 0.072000 -0.005554 0.999572 0.028736 7.257300 -0.007499 -0.028777 0.999558 -0.789700 0.000000 0.000000 0.000000 1.000000
0.999943 0.007087 0.007982 0.072000 -0.007331 0.999492 0.031000 7.257300 -0.007758 -0.031057 0.999488 -0.789700 0.000000 0.000000 0.000000 1.000000
0.999926 0.008203 0.009005 0.072000 -0.008488 0.999448 0.032112 7.257300 -0.008737 -0.032186 0.999444 -0.789700 0.000000 0.000000 0.000000 1.000000
0.999904 0.009703 0.009873 0.072000 -0.010017 0.999429 0.032272 7.257300 -0.009554 -0.032368 0.999430 -0.789700 0.000000 0.000000 0.000000 1.000000
0.999932 0.003300 0.011219 0.072000 -0.003659 0.999477 0.032126 7.257300 -0.011107 -0.032164 0.999421 -0.789700 0.000000 0.000000 0.000000 1.000000
0.999932 0.002477 0.011414 0.072000 -0.002840 0.999488 0.031871 7.257300 -0.011329 -0.031901 0.999427 -0.789700 0.000000 0.000000 0.000000 1.000000
0.999907 0.005394 0.012486 0.072000 -0.005785 0.999488 0.031477 7.257300 -0.012310 -0.031547 0.999426 -0.789700 0.000000 0.000000 0.000000 1.000000
0.999883 0.007309 0.013415 0.072000 -0.007721 0.999493 0.030904 7.257300 -0.013183 -0.031004 0.999432 -0.789700 0.000000 0.000000 0.000000 1.000000
0.999807 0.013043 0.014691 0.072000 -0.013480 0.999457 0.030051 7.257300 -0.014291 -0.030243 0.999440 -0.789700 0.000000 0.000000 0.000000 1.000000
0.999673 0.019614 0.016434 0.072000 -0.020084 0.999380 0.028916 7.257300 -0.015857 -0.029237 0.999447 -0.789700 0.000000 0.000000 0.000000 1.000000
0.999462 0.027390 0.018067 0.072000 -0.027883 0.999230 0.027592 7.257300 -0.017297 -0.028081 0.999456 -0.789700 0.000000 0.000000 0.000000 1.000000
0.999209 0.034930 0.018992 0.072000 -0.035424 0.999025 0.026340 7.257300 -0.018054 -0.026992 0.999473 -0.789700 0.000000 0.000000 0.000000 1.000000
0.999001 0.040557 0.018787 0.072000 -0.041027 0.998835 0.025401 7.257300 -0.017735 -0.026147 0.999501 -0.789700 0.000000 0.000000 0.000000 1.000000
0.998868 0.044342 0.017245 0.072000 -0.044761 0.998691 0.024745 7.257300 -0.016125 -0.025489 0.999545 -0.789700 0.000000 0.000000 0.000000 1.000000
0.998682 0.049480 0.013638 0.072000 -0.049800 0.998467 0.024147 7.257300 -0.012422 -0.024794 0.999615 -0.789700 0.000000 0.000000 0.000000 1.000000
0.998641 0.051319 0.009090 0.072000 -0.051520 0.998396 0.023466 7.257300 -0.007871 -0.023903 0.999683 -0.789700 0.000000 0.000000 0.000000 1.000000
0.998766 0.049475 0.004277 0.072000 -0.049560 0.998511 0.022788 7.257300 -0.003143 -0.022972 0.999731 -0.789700 0.000000 0.000000 0.000000 1.000000
0.999053 0.043502 -0.000256 0.072000 -0.043486 0.998804 0.022341 7.257300 0.001228 -0.022308 0.999750 -0.789700 0.000000 0.000000 0.000000 1.000000
0.999429 0.033555 -0.004020 0.072000 -0.033457 0.999192 0.022252 7.257300 0.004764 -0.022105 0.999744 -0.789700 0.000000 0.000000 0.000000 1.000000
0.999751 0.021289 -0.006722 0.072000 -0.021133 0.999524 0.022473 7.257300 0.007197 -0.022326 0.999725 -0.789700 0.000000 0.000000 0.000000 1.000000
0.999924 0.008839 -0.008594 0.072000 -0.008640 0.999701 0.022884 7.257300 0.008793 -0.022808 0.999701 -0.789700 0.000000 0.000000 0.000000 1.000000
0.999948 0.000727 -0.010191 0.072000 -0.000488 0.999725 0.023425 7.257300 0.010205 -0.023419 0.999674 -0.789700 0.000000 0.000000 0.000000 1.000000
0.999915 -0.006735 -0.011143 0.072000 0.007001 0.999687 0.024001 7.257300 0.010978 -0.024077 0.999650 -0.789700 0.000000 0.000000 0.000000 1.000000
0.999872 -0.010654 -0.011911 0.072000 0.010944 0.999639 0.024535 7.257300 0.011645 -0.024662 0.999628 -0.789700 0.000000 0.000000 0.000000 1.000000
0.999862 -0.011013 -0.012409 0.072000 0.011320 0.999625 0.024946 7.257300 0.012130 -0.025083 0.999612 -0.789700 0.000000 0.000000 0.000000 1.000000
0.999894 -0.006743 -0.012889 0.072000 0.007067 0.999656 0.025274 7.257300 0.012714 -0.025363 0.999597 -0.789700 0.000000 0.000000 0.000000 1.000000
0.999908 -0.000984 -0.013543 0.072000 0.001331 0.999670 0.025647 7.257300 0.013513 -0.025663 0.999579 -0.789700 0.000000 0.000000 0.000000 1.000000
0.999901 -0.001583 -0.013995 0.072000 0.001948 0.999657 0.026098 7.257300 0.013949 -0.026122 0.999561 -0.789700 0.000000 0.000000 0.000000 1.000000
0.999884 -0.004334 -0.014574 0.072000 0.004721 0.999635 0.026618 7.257300 0.014454 -0.026683 0.999539 -0.789700 0.000000 0.000000 0.000000 1.000000
0.999770 -0.014162 -0.016102 0.072000 0.014593 0.999529 0.026995 7.257300 0.015712 -0.027224 0.999506 -0.789700 0.000000 0.000000 0.000000 1.000000
0.999571 -0.023322 -0.017699 0.072000 0.023798 0.999347 0.027181 7.257300 0.017053 -0.027591 0.999474 -0.789700 0.000000 0.000000 0.000000 1.000000
0.999306 -0.032032 -0.019004 0.072000 0.032540 0.999105 0.027024 7.257300 0.018121 -0.027623 0.999454 -0.789700 0.000000 0.000000 0.000000 1.000000
0.999037 -0.039371 -0.019385 0.072000 0.039874 0.998860 0.026244 7.257300 0.018330 -0.026992 0.999468 -0.789700 0.000000 0.000000 0.000000 1.000000
0.998922 -0.042740 -0.018091 0.072000 0.043180 0.998762 0.024680 7.257300 0.017014 -0.025435 0.999532 -0.789700 0.000000 0.000000 0.000000 1.000000
0.998888 -0.044405 -0.015859 0.072000 0.044765 0.998731 0.023059 7.257300 0.014815 -0.023744 0.999608 -0.789700 0.000000 0.000000 0.000000 1.000000
0.998825 -0.046539 -0.013505 0.072000 0.046829 0.998660 0.022047 7.257300 0.012461 -0.022654 0.999666 -0.789700 0.000000 0.000000 0.000000 1.000000</float_array><technique_common><accessor source="#Spine-Matrix-animation-output-transform-array" count="87" stride="16"><param type="float4x4"/></accessor></technique_common></source><source id="Spine-Interpolations"><Name_array id="Spine-Interpolations-array" count="87">
 LINEAR LINEAR LINEAR LINEAR LINEAR LINEAR LINEAR LINEAR LINEAR LINEAR LINEAR
LINEAR LINEAR LINEAR LINEAR LINEAR LINEAR LINEAR LINEAR LINEAR LINEAR LINEAR LINEAR
LINEAR LINEAR LINEAR LINEAR LINEAR LINEAR LINEAR LINEAR LINEAR LINEAR LINEAR LINEAR
LINEAR LINEAR LINEAR LINEAR LINEAR LINEAR LINEAR LINEAR LINEAR LINEAR LINEAR LINEAR
LINEAR LINEAR LINEAR LINEAR LINEAR LINEAR LINEAR LINEAR LINEAR LINEAR LINEAR LINEAR
LINEAR LINEAR LINEAR LINEAR LINEAR LINEAR LINEAR LINEAR LINEAR LINEAR LINEAR LINEAR
LINEAR LINEAR LINEAR LINEAR LINEAR LINEAR LINEAR LINEAR LINEAR LINEAR LINEAR LINEAR
LINEAR LINEAR LINEAR LINEAR</Name_array><technique_common><accessor source="#Spine-Interpolations-array" count="87"><param type="name"/></accessor></technique_common></source><sampler id="Spine-Matrix-animation-transform"><input semantic="INPUT" source="#Spine-Matrix-animation-input"/><input semantic="OUTPUT" source="#Spine-Matrix-animation-output-transform"/><input semantic="INTERPOLATION" source="#Spine-Interpolations"/></sampler><channel source="#Spine-Matrix-animation-transform" target="Spine/matrix"/></animation>
    <animation id="Spine1-anim" name="Spine1"><source id="Spine1-Matrix-animation-input"><float_array id="Spine1-Matrix-animation-input-array" count="87">

0.000000 0.033333 0.066667 0.100000 0.133333 0.166667 0.200000 0.233333 0.266667 0.300000 0.333333 0.366667 0.400000 0.433333 0.466667 0.500000
0.533333 0.566667 0.600000 0.633333 0.666667 0.700000 0.733333 0.766667 0.800000 0.833333 0.866667 0.900000 0.933333 0.966667 1.000000 1.033333
1.066667 1.100000 1.133333 1.166667 1.200000 1.233333 1.266667 1.300000 1.333333 1.366667 1.400000 1.433333 1.466667 1.500000 1.533333 1.566667
1.600000 1.633333 1.666667 1.700000 1.733333 1.766667 1.800000 1.833333 1.866667 1.900000 1.933333 1.966667 2.000000 2.033333 2.066667 2.100000
2.133333 2.166667 2.200000 2.233333 2.266667 2.300000 2.333333 2.366667 2.400000 2.433333 2.466667 2.500000 2.533333 2.566667 2.600000 2.633333
2.666667 2.700000 2.733333 2.766667 2.800000 2.833333 2.866667</float_array><technique_common><accessor source="#Spine1-Matrix-animation-input-array" count="87"><param name="TIME" type="float"/></accessor></technique_common></source><source id="Spine1-Matrix-animation-output-transform"><float_array id="Spine1-Matrix-animation-output-transform-array" count="1392">

0.999885 0.012184 0.009055 -0.000000 -0.012576 0.998927 0.044570 8.466900 -0.008502 -0.044679 0.998965 -0.921300 0.000000 0.000000 0.000000 1.000000
0.999870 0.012075 0.010652 0.000000 -0.012530 0.998965 0.043731 8.466900 -0.010113 -0.043859 0.998987 -0.921300 0.000000 0.000000 0.000000 1.000000
0.999879 0.010270 0.011704 0.000000 -0.010762 0.999024 0.042834 8.466900 -0.011253 -0.042955 0.999014 -0.921300 0.000000 0.000000 0.000000 1.000000
0.999895 0.007260 0.012511 0.000000 -0.007783 0.999074 0.042316 8.466900 -0.012192 -0.042409 0.999026 -0.921300 0.000000 0.000000 0.000000 1.000000
0.999905 0.003333 0.013341 0.000000 -0.003896 0.999094 0.042383 8.466900 -0.013188 -0.042431 0.999012 -0.921300 0.000000 0.000000 0.000000 1.000000
0.999897 -0.000958 0.014344 0.000000 0.000338 0.999066 0.043220 8.466900 -0.014372 -0.043211 0.998963 -0.921300 0.000000 0.000000 0.000000 1.000000
0.999866 -0.005314 0.015514 0.000000 0.004607 0.998964 0.045277 8.466900 -0.015738 -0.045199 0.998854 -0.921300 0.000000 0.000000 0.000000 1.000000
0.999805 -0.010386 0.016784 0.000000 0.009555 0.998759 0.048880 8.466900 -0.017270 -0.048710 0.998664 -0.921300 0.000000 0.000000 0.000000 1.000000
0.999715 -0.015766 0.017900 0.000000 0.014789 0.998461 0.053457 8.466900 -0.018715 -0.053177 0.998410 -0.921300 0.000000 0.000000 0.000000 1.000000
0.999643 -0.019214 0.018540 0.000000 0.018120 0.998182 0.057484 8.466900 -0.019610 -0.057128 0.998174 -0.921300 0.000000 0.000000 0.000000 1.000000
0.999628 -0.019900 0.018653 0.000000 0.018755 0.998042 0.059663 8.466900 -0.019804 -0.059291 0.998044 -0.921300 0.000000 0.000000 0.000000 1.000000
0.999652 -0.018928 0.018372 0.000000 0.017798 0.998050 0.059821 8.466900 -0.019468 -0.059474 0.998040 -0.921300 0.000000 0.000000 0.000000 1.000000
0.999695 -0.017279 0.017672 -0.000000 0.016216 0.998151 0.058585 8.466900 -0.018651 -0.058281 0.998126 -0.921300 0.000000 0.000000 0.000000 1.000000
0.999752 -0.015154 0.016317 -0.000000 0.014207 0.998292 0.056661 8.466900 -0.017147 -0.056415 0.998260 -0.921300 0.000000 0.000000 0.000000 1.000000
0.999820 -0.012610 0.014180 0.000000 0.011816 0.998433 0.054701 8.466900 -0.014847 -0.054524 0.998402 -0.921300 0.000000 0.000000 0.000000 1.000000
0.999883 -0.010077 0.011485 0.000000 0.009452 0.998537 0.053246 8.466900 -0.012005 -0.053131 0.998515 -0.921300 0.000000 0.000000 0.000000 1.000000
0.999934 -0.007675 0.008522 0.000000 0.007220 0.998610 0.052212 8.466900 -0.008911 -0.052147 0.998600 -0.921300 0.000000 0.000000 0.000000 1.000000
0.999972 -0.005123 0.005388 0.000000 0.004842 0.998690 0.050941 8.466900 -0.005642 -0.050914 0.998687 -0.921300 0.000000 0.000000 0.000000 1.000000
0.999995 -0.002489 0.001903 0.000000 0.002393 0.998799 0.048927 8.466900 -0.002022 -0.048923 0.998801 -0.921300 0.000000 0.000000 0.000000 1.000000
0.999998 -0.000367 -0.002177 -0.000000 0.000467 0.998918 0.046499 8.466900 0.002158 -0.046500 0.998916 -0.921300 0.000000 0.000000 0.000000 1.000000
0.999976 0.000958 -0.006793 0.000000 -0.000655 0.999014 0.044390 8.466900 0.006829 -0.044385 0.998991 -0.921300 0.000000 0.000000 0.000000 1.000000
0.999932 0.001903 -0.011502 0.000000 -0.001408 0.999079 0.042892 8.466900 0.011573 -0.042873 0.999014 -0.921300 0.000000 0.000000 0.000000 1.000000
0.999871 0.003019 -0.015802 -0.000000 -0.002358 0.999128 0.041693 8.466900 0.015914 -0.041651 0.999005 -0.921300 0.000000 0.000000 0.000000 1.000000
0.999800 0.004502 -0.019464 0.000000 -0.003710 0.999171 0.040537 8.466900 0.019631 -0.040457 0.998988 -0.921300 0.000000 0.000000 0.000000 1.000000
0.999725 0.006230 -0.022600 0.000000 -0.005330 0.999199 0.039657 8.466900 0.022829 -0.039526 0.998958 -0.921300 0.000000 0.000000 0.000000 1.000000
0.999645 0.008014 -0.025418 -0.000000 -0.007005 0.999193 0.039541 8.466900 0.025714 -0.039348 0.998895 -0.921300 0.000000 0.000000 0.000000 1.000000
0.999563 0.009580 -0.027957 0.000000 -0.008447 0.999149 0.040369 8.466900 0.028320 -0.040115 0.998794 -0.921300 0.000000 0.000000 0.000000 1.000000
0.999491 0.010546 -0.030116 -0.000000 -0.009279 0.999080 0.041877 8.466900 0.030530 -0.041576 0.998669 -0.921300 0.000000 0.000000 0.000000 1.000000
0.999435 0.010830 -0.031816 0.000000 -0.009434 0.999001 0.043688 8.466900 0.032257 -0.043363 0.998538 -0.921300 0.000000 0.000000 0.000000 1.000000
0.999396 0.010764 -0.033047 0.000000 -0.009252 0.998918 0.045567 8.466900 0.033502 -0.045233 0.998415 -0.921300 0.000000 0.000000 0.000000 1.000000
0.999369 0.010636 -0.033896 -0.000000 -0.009027 0.998841 0.047285 8.466900 0.034360 -0.046949 0.998306 -0.921300 0.000000 0.000000 0.000000 1.000000
0.999354 0.010330 -0.034417 0.000000 -0.008657 0.998790 0.048403 8.466900 0.034876 -0.048074 0.998235 -0.921300 0.000000 0.000000 0.000000 1.000000
0.999359 0.009364 -0.034552 -0.000000 -0.007669 0.998776 0.048857 8.466900 0.034967 -0.048560 0.998208 -0.921300 0.000000 0.000000 0.000000 1.000000
0.999385 0.007666 -0.034225 0.000000 -0.005991 0.998791 0.048783 8.466900 0.034557 -0.048548 0.998223 -0.921300 0.000000 0.000000 0.000000 1.000000
0.999426 0.006027 -0.033351 0.000000 -0.004399 0.998805 0.048673 8.466900 0.033604 -0.048498 0.998258 -0.921300 0.000000 0.000000 0.000000 1.000000
0.999484 0.005265 -0.031674 0.000000 -0.003707 0.998790 0.049045 8.466900 0.031893 -0.048903 0.998294 -0.921300 0.000000 0.000000 0.000000 1.000000
0.999574 0.005498 -0.028674 0.000000 -0.004053 0.998730 0.050209 8.466900 0.028914 -0.050072 0.998327 -0.921300 0.000000 0.000000 0.000000 1.000000
0.999685 0.006139 -0.024316 0.000000 -0.004868 0.998634 0.052022 8.466900 0.024602 -0.051888 0.998350 -0.921300 0.000000 0.000000 0.000000 1.000000
0.999795 0.006468 -0.019211 -0.000000 -0.005423 0.998527 0.053981 8.466900 0.019532 -0.053865 0.998357 -0.921300 0.000000 0.000000 0.000000 1.000000
0.999884 0.006049 -0.013949 0.000000 -0.005268 0.998455 0.055318 8.466900 0.014262 -0.055238 0.998371 -0.921300 0.000000 0.000000 0.000000 1.000000
0.999947 0.005057 -0.008932 0.000000 -0.004555 0.998458 0.055317 8.466900 0.009198 -0.055274 0.998429 -0.921300 0.000000 0.000000 0.000000 1.000000
0.999983 0.003801 -0.004387 -0.000000 -0.003559 0.998544 0.053818 8.466900 0.004585 -0.053802 0.998541 -0.921300 0.000000 0.000000 0.000000 1.000000
0.999997 0.002398 -0.000686 0.000000 -0.002360 0.998681 0.051293 8.466900 0.000808 -0.051291 0.998683 -0.921300 0.000000 0.000000 0.000000 1.000000
0.999998 0.000719 0.002005 0.000000 -0.000815 0.998825 0.048450 8.466900 -0.001968 -0.048452 0.998824 -0.921300 0.000000 0.000000 0.000000 1.000000
0.999991 -0.001536 0.003852 -0.000000 0.001358 0.998948 0.045844 8.466900 -0.003918 -0.045838 0.998941 -0.921300 0.000000 0.000000 0.000000 1.000000
0.999978 -0.004402 0.005042 0.000000 0.004176 0.999029 0.043853 8.466900 -0.005230 -0.043831 0.999025 -0.921300 0.000000 0.000000 0.000000 1.000000
0.999954 -0.007532 0.005957 0.000000 0.007271 0.999061 0.042709 8.466900 -0.006273 -0.042664 0.999070 -0.921300 0.000000 0.000000 0.000000 1.000000
0.999923 -0.010323 0.006890 0.000000 0.010020 0.999040 0.042642 8.466900 -0.007324 -0.042569 0.999067 -0.921300 0.000000 0.000000 0.000000 1.000000
