<?xml version="1.0" encoding="utf-8"?>
<COLLADA xmlns="http://www.collada.org/2005/11/COLLADASchema" version="1.4.1">
  <asset><contributor><author>Mixamo</author><authoring_tool>COLLADA Mixamo exporter</authoring_tool><comments></comments></contributor><created>2021-07-06T21:47:38Z</created><modified>2021-07-06T21:47:38Z</modified><revision></revision><title></title><unit meter="0.010000"/><up_axis>Y_UP</up_axis></asset>
  <library_animations>
    <animation id="Hips-anim" name="Hips"><source id="Hips-Matrix-animation-input"><float_array id="Hips-Matrix-animation-input-array" count="21">

0.000000 0.033333 0.066667 0.100000 0.133333 0.166667 0.200000 0.233333 0.266667 0.300000 0.333333 0.366667 0.400000 0.433333 0.466667 0.500000
0.533333 0.566667 0.600000 0.633333 0.666667</float_array><technique_common><accessor source="#Hips-Matrix-animation-input-array" count="21"><param name="TIME" type="float"/></accessor></technique_common></source><source id="Hips-Matrix-animation-output-transform"><float_array id="Hips-Matrix-animation-output-transform-array" count="336">

-0.995548 0.078237 0.052560 124.161659 0.089519 0.959384 0.267522 204.103195 -0.029495 0.271036 -0.962117 47.294777 0.000000 0.000000 0.000000 1.000000
-0.993250 0.082002 0.082033 124.850784 0.102673 0.950611 0.292910 201.835022 -0.053962 0.299356 -0.952614 45.897198 0.000000 0.000000 0.000000 1.000000
-0.990036 0.084907 0.112341 125.546921 0.116799 0.940771 0.318289 202.226608 -0.078662 0.328238 -0.941314 44.697609 0.000000 0.000000 0.000000 1.000000
-0.984242 0.082590 0.156353 126.144905 0.130465 0.936032 0.326838 205.054901 -0.119358 0.342086 -0.932057 44.359119 0.000000 0.000000 0.000000 1.000000
-0.979316 0.074773 0.188014 127.156929 0.131997 0.940349 0.313561 207.939758 -0.153353 0.331893 -0.930768 44.513680 0.000000 0.000000 0.000000 1.000000
-0.983900 0.072637 0.163295 128.666519 0.117666 0.950993 0.285950 210.674667 -0.134522 0.300561 -0.944228 45.564739 0.000000 0.000000 0.000000 1.000000
-0.994855 0.065846 0.076987 130.209839 0.084193 0.960053 0.266852 211.838516 -0.056341 0.271961 -0.960658 46.914558 0.000000 0.000000 0.000000 1.000000
-0.998689 0.047089 -0.020055 131.296326 0.039634 0.959444 0.279098 209.839279 0.032385 0.277937 -0.960053 47.359123 0.000000 0.000000 0.000000 1.000000
-0.996263 0.025566 -0.082505 132.207260 -0.001149 0.951186 0.308616 207.279877 0.086368 0.307557 -0.947602 47.387814 0.000000 0.000000 0.000000 1.000000
-0.992610 0.014991 -0.120420 133.349960 -0.024678 0.946667 0.321269 204.697968 0.118813 0.321866 -0.939301 46.891384 0.000000 0.000000 0.000000 1.000000
-0.987677 0.023674 -0.154702 134.467300 -0.026161 0.949611 0.312336 202.494263 0.154301 0.312534 -0.937290 46.056019 0.000000 0.000000 0.000000 1.000000
-0.980793 0.034436 -0.191987 135.050293 -0.025906 0.952574 0.303204 201.658676 0.193323 0.302354 -0.933385 45.387188 0.000000 0.000000 0.000000 1.000000
-0.971654 0.033916 -0.233960 135.039642 -0.039051 0.953033 0.300338 203.152252 0.233158 0.300961 -0.924694 45.381672 0.000000 0.000000 0.000000 1.000000
-0.958535 0.025094 -0.283868 134.464554 -0.060180 0.955827 0.287703 206.263275 0.278548 0.292856 -0.914684 46.100792 0.000000 0.000000 0.000000 1.000000
-0.943450 0.014073 -0.331217 133.156448 -0.076464 0.962922 0.258717 209.464264 0.322577 0.269412 -0.907392 47.227119 0.000000 0.000000 0.000000 1.000000
-0.939398 0.004511 -0.342798 131.334442 -0.080173 0.969296 0.232458 211.477310 0.333322 0.245854 -0.910194 48.677773 0.000000 0.000000 0.000000 1.000000
-0.955020 0.006640 -0.296467 129.513199 -0.064187 0.971420 0.228526 211.387711 0.289511 0.237276 -0.927299 49.997513 0.000000 0.000000 0.000000 1.000000
-0.979037 0.025171 -0.202122 128.019806 -0.025726 0.969106 0.245300 209.728714 0.202052 0.245358 -0.948143 50.678509 0.000000 0.000000 0.000000 1.000000
-0.994038 0.050088 -0.096844 126.709320 0.022911 0.964359 0.263605 207.408066 0.106596 0.259815 -0.959757 50.976936 0.000000 0.000000 0.000000 1.000000
-0.997447 0.070581 -0.010881 125.367134 0.065023 0.960570 0.270329 205.369522 0.029532 0.268932 -0.962706 50.920666 0.000000 0.000000 0.000000 1.000000
-0.995548 0.078237 0.052560 123.973145 0.089519 0.959384 0.267522 204.103195 -0.029495 0.271036 -0.962117 50.504650 0.000000 0.000000 0.000000 1.000000</float_array><technique_common><accessor source="#Hips-Matrix-animation-output-transform-array" count="21" stride="16"><param type="float4x4"/></accessor></technique_common></source><source id="Hips-Interpolations"><Name_array id="Hips-Interpolations-array" count="21">
 LINEAR LINEAR LINEAR LINEAR LINEAR LINEAR LINEAR LINEAR LINEAR LINEAR LINEAR
LINEAR LINEAR LINEAR LINEAR LINEAR LINEAR LINEAR LINEAR LINEAR LINEAR</Name_array><technique_common><accessor source="#Hips-Interpolations-array" count="21"><param type="name"/></accessor></technique_common></source><sampler id="Hips-Matrix-animation-transform"><input semantic="INPUT" source="#Hips-Matrix-animation-input"/><input semantic="OUTPUT" source="#Hips-Matrix-animation-output-transform"/><input semantic="INTERPOLATION" source="#Hips-Interpolations"/></sampler><channel source="#Hips-Matrix-animation-transform" target="Hips/matrix"/></animation>
    <animation id="Spine-anim" name="Spine"><source id="Spine-Matrix-animation-input"><float_array id="Spine-Matrix-animation-input-array" count="21">

0.000000 0.033333 0.066667 0.100000 0.133333 0.166667 0.200000 0.233333 0.266667 0.300000 0.333333 0.366667 0.400000 0.433333 0.466667 0.500000
0.533333 0.566667 0.600000 0.633333 0.666667</float_array><technique_common><accessor source="#Spine-Matrix-animation-input-array" count="21"><param name="TIME" type="float"/></accessor></technique_common></source><source id="Spine-Matrix-animation-output-transform"><float_array id="Spine-Matrix-animation-output-transform-array" count="336">

0.998541 0.053411 0.007976 0.071961 -0.052661 0.995769 -0.075308 7.257321 -0.011965 0.074778 0.997128 -0.789679 0.000000 0.000000 0.000000 1.000000
0.998320 0.057827 0.003581 0.071961 -0.057390 0.995469 -0.075810 7.257321 -0.007948 0.075477 0.997116 -0.789679 0.000000 0.000000 0.000000 1.000000
0.998005 0.063097 -0.002279 0.071961 -0.063090 0.995185 -0.075010 7.257321 -0.002465 0.075004 0.997180 -0.789679 0.000000 0.000000 0.000000 1.000000
0.997439 0.071257 -0.006114 0.071961 -0.071513 0.994825 -0.072180 7.257321 0.000939 0.072432 0.997373 -0.789679 0.000000 0.000000 0.000000 1.000000
0.997068 0.075717 -0.011078 0.071961 -0.076293 0.994810 -0.067325 7.257321 0.005923 0.067973 0.997670 -0.789679 0.000000 0.000000 0.000000 1.000000
0.996778 0.077736 -0.019763 0.071961 -0.078849 0.994848 -0.063723 7.257321 0.014708 0.065076 0.997772 -0.789679 0.000000 0.000000 0.000000 1.000000
0.997224 0.070077 -0.025157 0.071961 -0.071620 0.995189 -0.066850 7.257321 0.020351 0.068467 0.997446 -0.789679 0.000000 0.000000 0.000000 1.000000
0.998576 0.049479 -0.019968 0.071961 -0.050866 0.995790 -0.076251 7.257321 0.016111 0.077158 0.996889 -0.789679 0.000000 0.000000 0.000000 1.000000
0.999599 0.025737 -0.011834 0.071961 -0.026648 0.996057 -0.084623 7.257321 0.009609 0.084904 0.996343 -0.789679 0.000000 0.000000 0.000000 1.000000
0.999866 0.011689 -0.011472 0.071961 -0.012639 0.996169 -0.086535 7.257321 0.010416 0.086669 0.996183 -0.789679 0.000000 0.000000 0.000000 1.000000
0.999795 0.010364 -0.017393 0.071961 -0.011789 0.996401 -0.083937 7.257321 0.016461 0.084125 0.996319 -0.789679 0.000000 0.000000 0.000000 1.000000
0.999780 0.010109 -0.018363 0.071961 -0.011584 0.996558 -0.082083 7.257321 0.017470 0.082278 0.996456 -0.789679 0.000000 0.000000 0.000000 1.000000
0.999947 0.004377 -0.009367 0.071961 -0.005134 0.996588 -0.082373 7.257321 0.008975 0.082417 0.996558 -0.789679 0.000000 0.000000 0.000000 1.000000
0.999972 -0.006574 0.003470 0.071961 0.006835 0.996626 -0.081787 7.257321 -0.002921 0.081808 0.996644 -0.789679 0.000000 0.000000 0.000000 1.000000
0.999776 -0.018635 0.010008 0.071961 0.019362 0.996742 -0.078302 7.257321 -0.008516 0.078479 0.996879 -0.789679 0.000000 0.000000 0.000000 1.000000
0.999645 -0.024929 0.009387 0.071961 0.025573 0.996757 -0.076300 7.257321 -0.007455 0.076513 0.997041 -0.789679 0.000000 0.000000 0.000000 1.000000
0.999829 -0.017889 0.004715 0.071961 0.018202 0.996794 -0.077912 7.257321 -0.003307 0.077985 0.996949 -0.789679 0.000000 0.000000 0.000000 1.000000
0.999991 0.004109 -0.000577 0.071961 -0.004141 0.996823 -0.079545 7.257321 0.000248 0.079546 0.996831 -0.789679 0.000000 0.000000 0.000000 1.000000
0.999561 0.029537 -0.002428 0.071961 -0.029636 0.996533 -0.077737 7.257321 0.000124 0.077774 0.996971 -0.789679 0.000000 0.000000 0.000000 1.000000
0.998935 0.046138 0.001016 0.071961 -0.045932 0.996125 -0.075005 7.257321 -0.004472 0.074878 0.997183 -0.789679 0.000000 0.000000 0.000000 1.000000
0.998541 0.053411 0.007976 0.071961 -0.052661 0.995769 -0.075308 7.257321 -0.011965 0.074778 0.997128 -0.789679 0.000000 0.000000 0.000000 1.000000</float_array><technique_common><accessor source="#Spine-Matrix-animation-output-transform-array" count="21" stride="16"><param type="float4x4"/></accessor></technique_common></source><source id="Spine-Interpolations"><Name_array id="Spine-Interpolations-array" count="21">
 LINEAR LINEAR LINEAR LINEAR LINEAR LINEAR LINEAR LINEAR LINEAR LINEAR LINEAR
LINEAR LINEAR LINEAR LINEAR LINEAR LINEAR LINEAR LINEAR LINEAR LINEAR</Name_array><technique_common><accessor source="#Spine-Interpolations-array" count="21"><param type="name"/></accessor></technique_common></source><sampler id="Spine-Matrix-animation-transform"><input semantic="INPUT" source="#Spine-Matrix-animation-input"/><input semantic="OUTPUT" source="#Spine-Matrix-animation-output-transform"/><input semantic="INTERPOLATION" source="#Spine-Interpolations"/></sampler><channel source="#Spine-Matrix-animation-transform" target="Spine/matrix"/></animation>
    <animation id="Spine1-anim" name="Spine1"><source id="Spine1-Matrix-animation-input"><float_array id="Spine1-Matrix-animation-input-array" count="21">

0.000000 0.033333 0.066667 0.100000 0.133333 0.166667 0.200000 0.233333 0.266667 0.300000 0.333333 0.366667 0.400000 0.433333 0.466667 0.500000
0.533333 0.566667 0.600000 0.633333 0.666667</float_array><technique_common><accessor source="#Spine1-Matrix-animation-input-array" count="21"><param name="TIME" type="float"/></accessor></technique_common></source><source id="Spine1-Matrix-animation-output-transform"><float_array id="Spine1-Matrix-animation-output-transform-array" count="336">

0.999122 -0.016815 0.038368 0.000000 0.022333 0.988696 -0.148261 8.466863 -0.035442 0.148988 0.988204 -0.921292 0.000000 0.000000 0.000000 1.000000
0.999051 -0.019465 0.038955 0.000000 0.025083 0.988463 -0.149369 8.466863 -0.035598 0.150205 0.988014 -0.921292 0.000000 0.000000 0.000000 1.000000
0.999233 -0.017102 0.035228 0.000000 0.022151 0.988690 -0.148326 8.466863 -0.032293 0.148992 0.988311 -0.921292 0.000000 0.000000 0.000000 1.000000
0.999441 -0.008896 0.032211 0.000000 0.013422 0.989609 -0.143155 8.466863 -0.030603 0.143507 0.989176 -0.921292 0.000000 0.000000 0.000000 1.000000
0.999711 0.008138 0.022621 0.000000 -0.005026 0.990917 -0.134383 8.466863 -0.023510 0.134230 0.990671 -0.921292 0.000000 0.000000 0.000000 1.000000
0.999569 0.029263 0.002284 0.000000 -0.028728 0.991308 -0.128389 8.466863 -0.006021 0.128268 0.991721 -0.921292 0.000000 0.000000 0.000000 1.000000
0.998762 0.046079 -0.018762 0.000000 -0.048193 0.989702 -0.134786 8.466863 0.012358 0.135524 0.990697 -0.921292 0.000000 0.000000 0.000000 1.000000
0.997975 0.057236 -0.027746 0.000000 -0.060810 0.986460 -0.152312 8.466863 0.018653 0.153691 0.987943 -0.921292 0.000000 0.000000 0.000000 1.000000
0.996990 0.071414 -0.030186 0.000000 -0.075487 0.982928 -0.167791 8.466863 0.017688 0.169564 0.985360 -0.921292 0.000000 0.000000 0.000000 1.000000
0.994741 0.093292 -0.042280 0.000000 -0.099183 0.980396 -0.170255 8.466863 0.025567 0.173553 0.984493 -0.921292 0.000000 0.000000 0.000000 1.000000
0.990940 0.117664 -0.064759 0.000000 -0.126824 0.978471 -0.162821 8.466863 0.044207 0.169559 0.984528 -0.921292 0.000000 0.000000 0.000000 1.000000
0.988124 0.132349 -0.078068 0.000000 -0.143316 0.977050 -0.157585 8.466863 0.055420 0.166902 0.984415 -0.921292 0.000000 0.000000 0.000000 1.000000
0.988767 0.132245 -0.069648 0.000000 -0.141877 0.977024 -0.159046 8.466863 0.047014 0.167141 0.984811 -0.921292 0.000000 0.000000 0.000000 1.000000
0.991618 0.118757 -0.050903 0.000000 -0.125476 0.979090 -0.160123 8.466863 0.030823 0.165168 0.985784 -0.921292 0.000000 0.000000 0.000000 1.000000
0.994920 0.093107 -0.038282 0.000000 -0.097953 0.983088 -0.154736 8.466863 0.023228 0.157700 0.987214 -0.921292 0.000000 0.000000 0.000000 1.000000
0.997805 0.059262 -0.029546 0.000000 -0.063073 0.986446 -0.151480 8.466863 0.020169 0.153011 0.988019 -0.921292 0.000000 0.000000 0.000000 1.000000
0.999501 0.025971 -0.017985 0.000000 -0.028450 0.987487 -0.155113 8.466863 0.013732 0.155547 0.987733 -0.921292 0.000000 0.000000 0.000000 1.000000
0.999959 0.005638 -0.007027 0.000000 -0.006681 0.987324 -0.158577 8.466863 0.006044 0.158618 0.987322 -0.921292 0.000000 0.000000 0.000000 1.000000
0.999998 -0.000287 0.002063 0.000000 0.000603 0.987909 -0.155032 8.466863 -0.001994 0.155033 0.987907 -0.921292 0.000000 0.000000 0.000000 1.000000
0.999867 -0.004159 0.015757 0.000000 0.006462 0.988799 -0.149113 8.466863 -0.014960 0.149195 0.988695 -0.921292 0.000000 0.000000 0.000000 1.000000
0.999122 -0.016815 0.038368 0.000000 0.022333 0.988696 -0.148261 8.466863 -0.035442 0.148988 0.988204 -0.921292 0.000000 0.000000 0.000000 1.000000</float_array><technique_common><accessor source="#Spine1-Matrix-animation-output-transform-array" count="21" stride="16"><param type="float4x4"/></accessor></technique_common></source><source id="Spine1-Interpolations"><Name_array id="Spine1-Interpolations-array" count="21">
 LINEAR LINEAR LINEAR LINEAR LINEAR LINEAR LINEAR LINEAR LINEAR LINEAR LINEAR
LINEAR LINEAR LINEAR LINEAR LINEAR LINEAR LINEAR LINEAR LINEAR LINEAR</Name_array><technique_common><accessor source="#Spine1-Interpolations-array" count="21"><param type="name"/></accessor></technique_common></source><sampler id="Spine1-Matrix-animation-transform"><input semantic="INPUT" source="#Spine1-Matrix-animation-input"/><input semantic="OUTPUT" source="#Spine1-Matrix-animation-output-transform"/><input semantic="INTERPOLATION" source="#Spine1-Interpolations"/></sampler><channel source="#Spine1-Matrix-animation-transform" target="Spine1/matrix"/></animation>
    <animation id="Spine2-anim" name="Spine2"><source id="Spine2-Matrix-animation-input"><float_array id="Spine2-Matrix-animation-input-array" count="21">

0.000000 0.033333 0.066667 0.100000 0.133333 0.166667 0.200000 0.233333 0.266667 0.300000 0.333333 0.366667 0.400000 0.433333 0.466667 0.500000
0.533333 0.566667 0.600000 0.633333 0.666667</float_array><technique_common><accessor source="#Spine2-Matrix-animation-input-array" count="21"><param name="TIME" type="float"/></accessor></technique_common></source><source id="Spine2-Matrix-animation-output-transform"><float_array id="Spine2-Matrix-animation-output-transform-array" count="336">

0.999122 -0.016815 0.038368 0.000000 0.022333 0.988696 -0.148261 29.059362 -0.035442 0.148988 0.988204 -1.052907 0.000000 0.000000 0.000000 1.000000
0.999051 -0.019465 0.038955 0.000000 0.025083 0.988463 -0.149369 29.059362 -0.035598 0.150205 0.988014 -1.052907 0.000000 0.000000 0.000000 1.000000
0.999233 -0.017102 0.035228 0.000000 0.022151 0.988690 -0.148326 29.059362 -0.032293 0.148992 0.988311 -1.052907 0.000000 0.000000 0.000000 1.000000
0.999441 -0.008896 0.032211 0.000000 0.013422 0.989609 -0.143155 29.059362 -0.030603 0.143507 0.989176 -1.052907 0.000000 0.000000 0.000000 1.000000
0.999711 0.008138 0.022621 0.000000 -0.005026 0.990917 -0.134383 29.059362 -0.023510 0.134230 0.990671 -1.052907 0.000000 0.000000 0.000000 1.000000
0.999569 0.029263 0.002284 0.000000 -0.028728 0.991308 -0.128389 29.059362 -0.006021 0.128269 0.991721 -1.052907 0.000000 0.000000 0.000000 1.000000
0.998762 0.046079 -0.018762 0.000000 -0.048193 0.989702 -0.134786 29.059362 0.012358 0.135524 0.990697 -1.052907 0.000000 0.000000 0.000000 1.000000
0.997975 0.057236 -0.027746 0.000000 -0.060810 0.986460 -0.152312 29.059362 0.018653 0.153691 0.987943 -1.052907 0.000000 0.000000 0.000000 1.000000
0.996990 0.071414 -0.030186 0.000000 -0.075487 0.982928 -0.167791 29.059362 0.017688 0.169564 0.985360 -1.052907 0.000000 0.000000 0.000000 1.000000
0.994741 0.093292 -0.042280 0.000000 -0.099183 0.980396 -0.170255 29.059362 0.025567 0.173553 0.984493 -1.052907 0.000000 0.000000 0.000000 1.000000
0.990940 0.117664 -0.064759 0.000000 -0.126824 0.978471 -0.162821 29.059362 0.044207 0.169559 0.984528 -1.052907 0.000000 0.000000 0.000000 1.000000
0.988124 0.132349 -0.078068 0.000000 -0.143316 0.977050 -0.157585 29.059362 0.055420 0.166902 0.984415 -1.052907 0.000000 0.000000 0.000000 1.000000
0.988767 0.132245 -0.069648 0.000000 -0.141877 0.977024 -0.159046 29.059362 0.047014 0.167141 0.984811 -1.052907 0.000000 0.000000 0.000000 1.000000
0.991618 0.118757 -0.050903 0.000000 -0.125476 0.979090 -0.160123 29.059362 0.030823 0.165168 0.985784 -1.052907 0.000000 0.000000 0.000000 1.000000
0.994920 0.093107 -0.038282 0.000000 -0.097953 0.983088 -0.154736 29.059362 0.023228 0.157700 0.987214 -1.052907 0.000000 0.000000 0.000000 1.000000
0.997805 0.059263 -0.029546 0.000000 -0.063073 0.986446 -0.151480 29.059362 0.020168 0.153011 0.988019 -1.052907 0.000000 0.000000 0.000000 1.000000
0.999501 0.025971 -0.017985 0.000000 -0.028450 0.987487 -0.155113 29.059362 0.013732 0.155547 0.987733 -1.052907 0.000000 0.000000 0.000000 1.000000
0.999959 0.005638 -0.007027 0.000000 -0.006681 0.987324 -0.158577 29.059362 0.006044 0.158618 0.987322 -1.052907 0.000000 0.000000 0.000000 1.000000
0.999998 -0.000287 0.002063 0.000000 0.000603 0.987909 -0.155032 29.059362 -0.001994 0.155033 0.987907 -1.052907 0.000000 0.000000 0.000000 1.000000
0.999867 -0.004159 0.015757 0.000000 0.006462 0.988799 -0.149113 29.059362 -0.014960 0.149195 0.988695 -1.052907 0.000000 0.000000 0.000000 1.000000
0.999122 -0.016815 0.038368 0.000000 0.022333 0.988696 -0.148261 29.059362 -0.035442 0.148988 0.988204 -1.052907 0.000000 0.000000 0.000000 1.000000</float_array><technique_common><accessor source="#Spine2-Matrix-animation-output-transform-array" count="21" stride="16"><param type="float4x4"/></accessor></technique_common></source><source id="Spine2-Interpolations"><Name_array id="Spine2-Interpolations-array" count="21">
 LINEAR LINEAR LINEAR LINEAR LINEAR LINEAR LINEAR LINEAR LINEAR LINEAR LINEAR
LINEAR LINEAR LINEAR LINEAR LINEAR LINEAR LINEAR LINEAR LINEAR LINEAR</Name_array><technique_common><accessor source="#Spine2-Interpolations-array" count="21"><param type="name"/></accessor></technique_common></source><sampler id="Spine2-Matrix-animation-transform"><input semantic="INPUT" source="#Spine2-Matrix-animation-input"/><input semantic="OUTPUT" source="#Spine2-Matrix-animation-output-transform"/><input semantic="INTERPOLATION" source="#Spine2-Interpolations"/></sampler><channel source="#Spine2-Matrix-animation-transform" target="Spine2/matrix"/></animation>
    <animation id="Neck-anim" name="Neck"><source id="Neck-Matrix-animation-input"><float_array id="Neck-Matrix-animation-input-array" count="21">

0.000000 0.033333 0.066667 0.100000 0.133333 0.166667 0.200000 0.233333 0.266667 0.300000 0.333333 0.366667 0.400000 0.433333 0.466667 0.500000
0.533333 0.566667 0.600000 0.633333 0.666667</float_array><technique_common><accessor source="#Neck-Matrix-animation-input-array" count="21"><param name="TIME" type="float"/></accessor></technique_common></source><source id="Neck-Matrix-animation-output-transform"><float_array id="Neck-Matrix-animation-output-transform-array" count="336">

0.997692 -0.031005 -0.060412 0.000000 0.032657 0.999114 0.026551 14.033303 0.059535 -0.028462 0.997820 7.520358 0.000000 0.000000 0.000000 1.000000
0.998509 -0.016107 -0.052166 0.000000 0.016677 0.999806 0.010500 14.033303 0.051987 -0.011354 0.998583 7.520358 0.000000 0.000000 0.000000 1.000000
0.999034 -0.005543 -0.043601 0.000000 0.004784 0.999835 -0.017497 14.033303 0.043691 0.017271 0.998896 7.520358 0.000000 0.000000 0.000000 1.000000
0.999420 -0.011756 -0.031964 0.000000 0.010472 0.999144 -0.040028 14.033303 0.032407 0.039670 0.998687 7.520358 0.000000 0.000000 0.000000 1.000000
0.999074 -0.038354 -0.019510 0.000000 0.037499 0.998394 -0.042466 14.033303 0.021107 0.041695 0.998907 7.520358 0.000000 0.000000 0.000000 1.000000
0.996673 -0.080215 -0.014409 0.000000 0.080025 0.996704 -0.013281 14.033303 0.015427 0.012084 0.999808 7.520358 0.000000 0.000000 0.000000 1.000000
0.992524 -0.119804 -0.023307 0.000000 0.120584 0.992067 0.035537 14.033303 0.018864 -0.038082 0.999097 7.520358 0.000000 0.000000 0.000000 1.000000
0.989259 -0.140510 -0.040296 0.000000 0.142839 0.987781 0.062329 14.033303 0.031046 -0.067415 0.997242 7.520358 0.000000 0.000000 0.000000 1.000000
0.986301 -0.156328 -0.052653 0.000000 0.159087 0.985837 0.053075 14.033303 0.043610 -0.060724 0.997201 7.520358 0.000000 0.000000 0.000000 1.000000
0.982929 -0.175105 -0.056470 0.000000 0.177424 0.983360 0.039026 14.033303 0.048697 -0.048379 0.997641 7.520358 0.000000 0.000000 0.000000 1.000000
0.980956 -0.185771 -0.056693 0.000000 0.187856 0.981610 0.033930 14.033303 0.049347 -0.043934 0.997815 7.520358 0.000000 0.000000 0.000000 1.000000
0.980518 -0.187081 -0.059880 0.000000 0.188769 0.981732 0.023845 14.033303 0.054325 -0.034684 0.997921 7.520358 0.000000 0.000000 0.000000 1.000000
0.979680 -0.188396 -0.068811 0.000000 0.188976 0.981980 0.001960 14.033303 0.067202 -0.014924 0.997628 7.520358 0.000000 0.000000 0.000000 1.000000
0.978889 -0.187517 -0.081329 0.000000 0.186614 0.982257 -0.018631 14.033303 0.083379 0.003061 0.996513 7.520358 0.000000 0.000000 0.000000 1.000000
0.980552 -0.173552 -0.091641 0.000000 0.172080 0.984796 -0.023782 14.033303 0.094375 0.007550 0.995508 7.520358 0.000000 0.000000 0.000000 1.000000
0.985761 -0.139683 -0.093621 0.000000 0.140101 0.990135 -0.002129 14.033303 0.092994 -0.011018 0.995606 7.520358 0.000000 0.000000 0.000000 1.000000
0.992516 -0.089149 -0.083448 0.000000 0.092426 0.995059 0.036262 14.033303 0.079803 -0.043703 0.995852 7.520358 0.000000 0.000000 0.000000 1.000000
0.996319 -0.052771 -0.067555 0.000000 0.056000 0.997332 0.046828 14.033303 0.064904 -0.050439 0.996616 7.520358 0.000000 0.000000 0.000000 1.000000
0.997149 -0.046265 -0.059605 0.000000 0.047672 0.998612 0.022403 14.033303 0.058486 -0.025181 0.997971 7.520358 0.000000 0.000000 0.000000 1.000000
0.997276 -0.043133 -0.059829 0.000000 0.043745 0.999003 0.008944 14.033303 0.059383 -0.011537 0.998169 7.520358 0.000000 0.000000 0.000000 1.000000
0.997692 -0.031005 -0.060412 0.000000 0.032657 0.999114 0.026551 14.033303 0.059535 -0.028462 0.997820 7.520358 0.000000 0.000000 0.000000 1.000000</float_array><technique_common><accessor source="#Neck-Matrix-animation-output-transform-array" count="21" stride="16"><param type="float4x4"/></accessor></technique_common></source><source id="Neck-Interpolations"><Name_array id="Neck-Interpolations-array" count="21">
 LINEAR LINEAR LINEAR LINEAR LINEAR LINEAR LINEAR LINEAR LINEAR LINEAR LINEAR
LINEAR LINEAR LINEAR LINEAR LINEAR LINEAR LINEAR LINEAR LINEAR LINEAR</Name_array><technique_common><accessor source="#Neck-Interpolations-array" count="21"><param type="name"/></accessor></technique_common></source><sampler id="Neck-Matrix-animation-transform"><input semantic="INPUT" source="#Neck-Matrix-animation-input"/><input semantic="OUTPUT" source="#Neck-Matrix-animation-output-transform"/><input semantic="INTERPOLATION" source="#Neck-Interpolations"/></sampler><channel source="#Neck-Matrix-animation-transform" target="Neck/matrix"/></animation>
    <animation id="Head-anim" name="Head"><source id="Head-Matrix-animation-input"><float_array id="Head-Matrix-animation-input-array" count="21">

0.000000 0.033333 0.066667 0.100000 0.133333 0.166667 0.200000 0.233333 0.266667 0.300000 0.333333 0.366667 0.400000 0.433333 0.466667 0.500000
0.533333 0.566667 0.600000 0.633333 0.666667</float_array><technique_common><accessor source="#Head-Matrix-animation-input-array" count="21"><param name="TIME" type="float"/></accessor></technique_common></source><source id="Head-Matrix-animation-output-transform"><float_array id="Head-Matrix-animation-output-transform-array" count="336">

0.960975 0.204795 -0.185971 0.000000 -0.070212 0.830815 0.552102 8.198503 0.267575 -0.517499 0.812772 5.703135 0.000000 0.000000 0.000000 1.000000
0.970775 0.187771 -0.149459 0.000000 -0.076894 0.833295 0.547455 8.198503 0.227340 -0.519963 0.823380 5.703135 0.000000 0.000000 0.000000 1.000000
0.979099 0.172396 -0.107911 0.000000 -0.087447 0.835863 0.541929 8.198503 0.183625 -0.521165 0.833468 5.703135 0.000000 0.000000 0.000000 1.000000
0.988532 0.140580 -0.055146 0.000000 -0.090632 0.844413 0.527970 8.198503 0.120788 -0.516917 0.847471 5.703135 0.000000 0.000000 0.000000 1.000000
0.996592 0.081905 -0.009801 0.000000 -0.066236 0.865374 0.496729 8.198503 0.049166 -0.494387 0.867850 5.703135 0.000000 0.000000 0.000000 1.000000
0.999670 0.024481 0.007812 0.000000 -0.025312 0.885673 0.463619 8.198503 0.004431 -0.463664 0.886000 5.703135 0.000000 0.000000 0.000000 1.000000
0.999743 -0.007550 -0.021394 0.000000 0.016350 0.893510 0.448745 8.198503 0.015728 -0.448980 0.893404 5.703135 0.000000 0.000000 0.000000 1.000000
0.995399 -0.024089 -0.092743 0.000000 0.063852 0.888424 0.454561 8.198503 0.071445 -0.458391 0.885874 5.703135 0.000000 0.000000 0.000000 1.000000
0.986564 -0.046845 -0.156514 0.000000 0.115998 0.875471 0.469143 8.198503 0.115047 -0.480995 0.869142 5.703135 0.000000 0.000000 0.000000 1.000000
0.979815 -0.077174 -0.184410 0.000000 0.158064 0.863840 0.478326 8.198503 0.122387 -0.497819 0.858602 5.703135 0.000000 0.000000 0.000000 1.000000
0.975357 -0.100848 -0.196233 0.000000 0.185492 0.856396 0.481849 8.198503 0.119460 -0.506375 0.853999 5.703135 0.000000 0.000000 0.000000 1.000000
0.968160 -0.106518 -0.226539 0.000000 0.207674 0.847054 0.489255 8.198503 0.139776 -0.520724 0.842205 5.703135 0.000000 0.000000 0.000000 1.000000
0.954369 -0.090093 -0.284716 0.000000 0.228729 0.833499 0.502954 8.198503 0.191997 -0.545127 0.816072 5.703135 0.000000 0.000000 0.000000 1.000000
0.937033 -0.046155 -0.346178 0.000000 0.229613 0.828298 0.511078 8.198503 0.263150 -0.558384 0.786740 5.703135 0.000000 0.000000 0.000000 1.000000
0.926990 0.021940 -0.374444 0.000000 0.185576 0.840717 0.508682 8.198503 0.325962 -0.541030 0.775264 5.703135 0.000000 0.000000 0.000000 1.000000
0.928985 0.088956 -0.359269 0.000000 0.116177 0.851542 0.511253 8.198503 0.351412 -0.516685 0.780735 5.703135 0.000000 0.000000 0.000000 1.000000
0.941538 0.126662 -0.312192 0.000000 0.057895 0.852027 0.520287 8.198503 0.331896 -0.507944 0.794882 5.703135 0.000000 0.000000 0.000000 1.000000
0.958079 0.131998 -0.254287 0.000000 0.026632 0.842674 0.537765 8.198503 0.285265 -0.521993 0.803833 5.703135 0.000000 0.000000 0.000000 1.000000
0.967057 0.134532 -0.216107 0.000000 0.010081 0.828035 0.560586 8.198503 0.254361 -0.544297 0.799401 5.703135 0.000000 0.000000 0.000000 1.000000
0.966028 0.160270 -0.202741 0.000000 -0.016874 0.821926 0.569344 8.198503 0.257887 -0.546581 0.796708 5.703135 0.000000 0.000000 0.000000 1.000000
0.960975 0.204795 -0.185971 0.000000 -0.070212 0.830815 0.552102 8.198503 0.267575 -0.517499 0.812772 5.703135 0.000000 0.000000 0.000000 1.000000</float_array><technique_common><accessor source="#Head-Matrix-animation-output-transform-array" count="21" stride="16"><param type="float4x4"/></accessor></technique_common></source><source id="Head-Interpolations"><Name_array id="Head-Interpolations-array" count="21">
 LINEAR LINEAR LINEAR LINEAR LINEAR LINEAR LINEAR LINEAR LINEAR LINEAR LINEAR
LINEAR LINEAR LINEAR LINEAR LINEAR LINEAR LINEAR LINEAR LINEAR LINEAR</Name_array><technique_common><accessor source="#Head-Interpolations-array" count="21"><param type="name"/></accessor></technique_common></source><sampler id="Head-Matrix-animation-transform"><input semantic="INPUT" source="#Head-Matrix-animation-input"/><input semantic="OUTPUT" source="#Head-Matrix-animation-output-transform"/><input semantic="INTERPOLATION" source="#Head-Interpolations"/></sampler><channel source="#Head-Matrix-animation-transform" target="Head/matrix"/></animation>
    <animation id="LeftShoulder-anim" name="LeftShoulder"><source id="LeftShoulder-Matrix-animation-input"><float_array id="LeftShoulder-Matrix-animation-input-array" count="21">

0.000000 0.033333 0.066667 0.100000 0.133333 0.166667 0.200000 0.233333 0.266667 0.300000 0.333333 0.366667 0.400000 0.433333 0.466667 0.500000
0.533333 0.566667 0.600000 0.633333 0.666667</float_array><technique_common><accessor source="#LeftShoulder-Matrix-animation-input-array" count="21"><param name="TIME" type="float"/></accessor></technique_common></source><source id="LeftShoulder-Matrix-animation-output-transform"><float_array id="LeftShoulder-Matrix-animation-output-transform-array" count="336">

0.989137 -0.146981 -0.002317 12.584894 0.146968 0.989128 -0.005141 11.570624 0.003048 0.004745 0.999984 -1.337974 0.000000 0.000000 0.000000 1.000000
0.989445 -0.144137 0.014932 12.584894 0.144206 0.989541 -0.003644 11.570624 -0.014251 0.005758 0.999882 -1.337974 0.000000 0.000000 0.000000 1.000000
0.989729 -0.142641 -0.009520 12.584894 0.142591 0.989765 -0.005757 11.570624 0.010243 0.004340 0.999938 -1.337974 0.000000 0.000000 0.000000 1.000000
0.990891 -0.128189 -0.041267 12.584894 0.127957 0.991746 -0.008209 11.570624 0.041978 0.002853 0.999114 -1.337974 0.000000 0.000000 0.000000 1.000000
0.992261 -0.103583 -0.068474 12.584894 0.103170 0.994618 -0.009548 11.570624 0.069094 0.002410 0.997607 -1.337974 0.000000 0.000000 0.000000 1.000000
0.992136 -0.069477 -0.104114 12.584894 0.068792 0.997579 -0.010162 11.570624 0.104568 0.002920 0.994513 -1.337974 0.000000 0.000000 0.000000 1.000000
0.985846 -0.023496 -0.165998 12.584894 0.022248 0.999709 -0.009370 11.570624 0.166170 0.005544 0.986082 -1.337974 0.000000 0.000000 0.000000 1.000000
0.970276 0.022207 -0.240981 12.584894 -0.024302 0.999688 -0.005727 11.570624 0.240778 0.011414 0.970513 -1.337974 0.000000 0.000000 0.000000 1.000000
0.957963 0.047075 -0.283002 12.584894 -0.049731 0.998760 -0.002202 11.570624 0.282547 0.016183 0.959117 -1.337974 0.000000 0.000000 0.000000 1.000000
0.957136 0.052941 -0.284758 12.584894 -0.055619 0.998451 -0.001320 11.570624 0.284247 0.017101 0.958599 -1.337974 0.000000 0.000000 0.000000 1.000000
0.962168 0.051736 -0.267498 12.584894 -0.054180 0.998530 -0.001758 11.570624 0.267014 0.016185 0.963557 -1.337974 0.000000 0.000000 0.000000 1.000000
0.969681 0.046253 -0.239957 12.584894 -0.048340 0.998827 -0.002818 11.570624 0.239545 0.014332 0.970779 -1.337974 0.000000 0.000000 0.000000 1.000000
0.974203 0.043700 -0.221401 12.584894 -0.045568 0.998956 -0.003332 11.570624 0.221024 0.013335 0.975177 -1.337974 0.000000 0.000000 0.000000 1.000000
0.970301 0.054230 -0.235743 12.584894 -0.056527 0.998397 -0.002991 11.570624 0.235202 0.016228 0.971811 -1.337974 0.000000 0.000000 0.000000 1.000000
0.955394 0.055844 -0.290005 12.584894 -0.059708 0.998206 -0.004488 11.570624 0.289234 0.021604 0.957015 -1.337974 0.000000 0.000000 0.000000 1.000000
0.932870 0.007543 -0.360135 12.584894 -0.012990 0.999835 -0.012706 11.570624 0.359979 0.016532 0.932814 -1.337974 0.000000 0.000000 0.000000 1.000000
0.928731 -0.083163 -0.361307 12.584894 0.078849 0.996529 -0.026696 11.570624 0.362273 -0.003695 0.932065 -1.337974 0.000000 0.000000 0.000000 1.000000
0.955037 -0.154065 -0.253313 12.584894 0.151977 0.987990 -0.027911 11.570624 0.254571 -0.011842 0.966982 -1.337974 0.000000 0.000000 0.000000 1.000000
0.976549 -0.172332 -0.129048 12.584894 0.171540 0.985025 -0.017311 11.570624 0.130099 -0.005232 0.991487 -1.337974 0.000000 0.000000 0.000000 1.000000
0.985641 -0.161790 -0.048337 12.584894 0.161537 0.986824 -0.009131 11.570624 0.049178 0.001191 0.998789 -1.337974 0.000000 0.000000 0.000000 1.000000
0.989137 -0.146981 -0.002317 12.584894 0.146968 0.989128 -0.005141 11.570624 0.003048 0.004745 0.999984 -1.337974 0.000000 0.000000 0.000000 1.000000</float_array><technique_common><accessor source="#LeftShoulder-Matrix-animation-output-transform-array" count="21" stride="16"><param type="float4x4"/></accessor></technique_common></source><source id="LeftShoulder-Interpolations"><Name_array id="LeftShoulder-Interpolations-array" count="21">
 LINEAR LINEAR LINEAR LINEAR LINEAR LINEAR LINEAR LINEAR LINEAR LINEAR LINEAR
LINEAR LINEAR LINEAR LINEAR LINEAR LINEAR LINEAR LINEAR LINEAR LINEAR</Name_array><technique_common><accessor source="#LeftShoulder-Interpolations-array" count="21"><param type="name"/></accessor></technique_common></source><sampler id="LeftShoulder-Matrix-animation-transform"><input semantic="INPUT" source="#LeftShoulder-Matrix-animation-input"/><input semantic="OUTPUT" source="#LeftShoulder-Matrix-animation-output-transform"/><input semantic="INTERPOLATION" source="#LeftShoulder-Interpolations"/></sampler><channel source="#LeftShoulder-Matrix-animation-transform" target="LeftShoulder/matrix"/></animation>
    <animation id="LeftArm-anim" name="LeftArm"><source id="LeftArm-Matrix-animation-input"><float_array id="LeftArm-Matrix-animation-input-array" count="21">

0.000000 0.033333 0.066667 0.100000 0.133333 0.166667 0.200000 0.233333 0.266667 0.300000 0.333333 0.366667 0.400000 0.433333 0.466667 0.500000
0.533333 0.566667 0.600000 0.633333 0.666667</float_array><technique_common><accessor source="#LeftArm-Matrix-animation-input-array" count="21"><param name="TIME" type="float"/></accessor></technique_common></source><source id="LeftArm-Matrix-animation-output-transform"><float_array id="LeftArm-Matrix-animation-output-transform-array" count="336">

0.342825 0.646585 -0.681468 13.906050 0.059177 0.709124 0.702596 -6.096521 0.937534 -0.281195 0.204842 1.965051 0.000000 0.000000 0.000000 1.000000
0.275477 0.770297 -0.575113 13.906050 -0.052450 0.609413 0.791116 -6.096521 0.959876 -0.187770 0.208281 1.965051 0.000000 0.000000 0.000000 1.000000
0.258996 0.849992 -0.458731 13.906050 -0.191942 0.510758 0.838024 -6.096521 0.946615 -0.128995 0.295434 1.965051 0.000000 0.000000 0.000000 1.000000
0.271607 0.889781 -0.366768 13.906050 -0.345074 0.445791 0.825950 -6.096521 0.898417 -0.097772 0.428121 1.965051 0.000000 0.000000 0.000000 1.000000
0.293138 0.913554 -0.281938 13.906050 -0.483886 0.396099 0.780359 -6.096521 0.824575 -0.092327 0.558168 1.965051 0.000000 0.000000 0.000000 1.000000
0.317458 0.922058 -0.221426 13.906050 -0.574994 0.372853 0.728260 -6.096521 0.754057 -0.103873 0.648543 1.965051 0.000000 0.000000 0.000000 1.000000
0.359907 0.904327 -0.229474 13.906050 -0.588465 0.410894 0.696330 -6.096521 0.724000 -0.115577 0.680049 1.965051 0.000000 0.000000 0.000000 1.000000
0.415965 0.855750 -0.307676 13.906050 -0.532428 0.503462 0.680475 -6.096521 0.737220 -0.119239 0.665048 1.965051 0.000000 0.000000 0.000000 1.000000
0.452467 0.797718 -0.398647 13.906050 -0.472965 0.593633 0.651080 -6.096521 0.756028 -0.106046 0.645892 1.965051 0.000000 0.000000 0.000000 1.000000
0.471811 0.760245 -0.446567 13.906050 -0.452352 0.643463 0.617521 -6.096521 0.756817 -0.089348 0.647491 1.965051 0.000000 0.000000 0.000000 1.000000
0.491785 0.734765 -0.467191 13.906050 -0.461345 0.674939 0.575863 -6.096521 0.738450 -0.067665 0.670905 1.965051 0.000000 0.000000 0.000000 1.000000
0.500869 0.675550 -0.541075 13.906050 -0.458270 0.737314 0.496343 -6.096521 0.734247 -0.000644 0.678882 1.965051 0.000000 0.000000 0.000000 1.000000
0.476512 0.575613 -0.664535 13.906050 -0.429161 0.811986 0.395600 -6.096521 0.767305 0.096684 0.633951 1.965051 0.000000 0.000000 0.000000 1.000000
0.427206 0.464490 -0.775721 13.906050 -0.352433 0.875638 0.330227 -6.096521 0.832638 0.132315 0.537780 1.965051 0.000000 0.000000 0.000000 1.000000
0.401856 0.407309 -0.820129 13.906050 -0.234519 0.911536 0.337792 -6.096521 0.885162 0.056592 0.461828 1.965051 0.000000 0.000000 0.000000 1.000000
0.439758 0.421512 -0.793058 13.906050 -0.094080 0.899785 0.426070 -6.096521 0.893175 -0.112756 0.435343 1.965051 0.000000 0.000000 0.000000 1.000000
0.485224 0.491461 -0.723203 13.906050 0.031238 0.816824 0.576041 -6.096521 0.873832 -0.302101 0.380990 1.965051 0.000000 0.000000 0.000000 1.000000
0.453727 0.583953 -0.673150 13.906050 0.138768 0.699866 0.700664 -6.096521 0.880270 -0.411322 0.236514 1.965051 0.000000 0.000000 0.000000 1.000000
0.399030 0.599179 -0.694089 13.906050 0.220727 0.671936 0.706952 -6.096521 0.889974 -0.435299 0.135868 1.965051 0.000000 0.000000 0.000000 1.000000
0.368646 0.587370 -0.720484 13.906050 0.187504 0.712155 0.676518 -6.096521 0.910463 -0.384489 0.152399 1.965051 0.000000 0.000000 0.000000 1.000000
0.339909 0.646836 -0.682689 13.906050 0.061256 0.709143 0.702399 -6.096521 0.938461 -0.280571 0.201422 1.965051 0.000000 0.000000 0.000000 1.000000</float_array><technique_common><accessor source="#LeftArm-Matrix-animation-output-transform-array" count="21" stride="16"><param type="float4x4"/></accessor></technique_common></source><source id="LeftArm-Interpolations"><Name_array id="LeftArm-Interpolations-array" count="21">
 LINEAR LINEAR LINEAR LINEAR LINEAR LINEAR LINEAR LINEAR LINEAR LINEAR LINEAR
LINEAR LINEAR LINEAR LINEAR LINEAR LINEAR LINEAR LINEAR LINEAR LINEAR</Name_array><technique_common><accessor source="#LeftArm-Interpolations-array" count="21"><param type="name"/></accessor></technique_common></source><sampler id="LeftArm-Matrix-animation-transform"><input semantic="INPUT" source="#LeftArm-Matrix-animation-input"/><input semantic="OUTPUT" source="#LeftArm-Matrix-animation-output-transform"/><input semantic="INTERPOLATION" source="#LeftArm-Interpolations"/></sampler><channel source="#LeftArm-Matrix-animation-transform" target="LeftArm/matrix"/></animation>
    <animation id="LeftForeArm-anim" name="LeftForeArm"><source id="LeftForeArm-Matrix-animation-input"><float_array id="LeftForeArm-Matrix-animation-input-array" count="21">

0.000000 0.033333 0.066667 0.100000 0.133333 0.166667 0.200000 0.233333 0.266667 0.300000 0.333333 0.366667 0.400000 0.433333 0.466667 0.500000
0.533333 0.566667 0.600000 0.633333 0.666667</float_array><technique_common><accessor source="#LeftForeArm-Matrix-animation-input-array" count="21"><param name="TIME" type="float"/></accessor></technique_common></source><source id="LeftForeArm-Matrix-animation-output-transform"><float_array id="LeftForeArm-Matrix-animation-output-transform-array" count="336">

0.476955 -0.020857 -0.878680 34.136707 -0.066938 0.995953 -0.059976 -0.070130 0.876375 0.087423 0.473629 0.483191 0.000000 0.000000 0.000000 1.000000
0.500449 -0.067286 -0.863148 34.136707 -0.028059 0.995191 -0.093847 -0.070130 0.865311 0.071185 0.496154 0.483191 0.000000 0.000000 0.000000 1.000000
0.469722 -0.097976 -0.877361 34.136707 0.005518 0.994129 -0.108062 -0.070130 0.882797 0.045917 0.467505 0.483191 0.000000 0.000000 0.000000 1.000000
0.385899 -0.116702 -0.915130 34.136707 0.028816 0.993007 -0.114482 -0.070130 0.922091 0.017808 0.386564 0.483191 0.000000 0.000000 0.000000 1.000000
0.261981 -0.142017 -0.954566 34.136707 0.051713 0.989758 -0.133060 -0.070130 0.963687 -0.014505 0.266642 0.483191 0.000000 0.000000 0.000000 1.000000
0.140685 -0.173492 -0.974735 34.136707 0.078163 0.983400 -0.163752 -0.070130 0.986964 -0.053151 0.151910 0.483191 0.000000 0.000000 0.000000 1.000000
0.081984 -0.195364 -0.977298 34.136707 0.103415 0.976973 -0.186624 -0.070130 0.991254 -0.085767 0.100299 0.483191 0.000000 0.000000 0.000000 1.000000
0.112934 -0.200294 -0.973205 34.136707 0.120339 0.975018 -0.186703 -0.070130 0.986288 -0.096029 0.134216 0.483191 0.000000 0.000000 0.000000 1.000000
