<?xml version="1.0" encoding="utf-8"?>
<COLLADA xmlns="http://www.collada.org/2005/11/COLLADASchema" version="1.4.1">
  <asset><contributor><author>Mixamo</author><authoring_tool>COLLADA Mixamo exporter</authoring_tool><comments></comments></contributor><created>2021-07-21T13:23:47Z</created><modified>2021-07-21T13:23:47Z</modified><revision></revision><title></title><unit meter="0.010000"/><up_axis>Y_UP</up_axis></asset>
  <library_animations>
    <animation id="Hips-anim" name="Hips"><source id="Hips-Matrix-animation-input"><float_array id="Hips-Matrix-animation-input-array" count="181">

0.000000 0.033333 0.066667 0.100000 0.133333 0.166667 0.200000 0.233333 0.266667 0.300000 0.333333 0.366667 0.400000 0.433333 0.466667 0.500000
0.533333 0.566667 0.600000 0.633333 0.666667 0.700000 0.733333 0.766667 0.800000 0.833333 0.866667 0.900000 0.933333 0.966667 1.000000 1.033333
1.066667 1.100000 1.133333 1.166667 1.200000 1.233333 1.266667 1.300000 1.333333 1.366667 1.400000 1.433333 1.466667 1.500000 1.533333 1.566667
1.600000 1.633333 1.666667 1.700000 1.733333 1.766667 1.800000 1.833333 1.866667 1.900000 1.933333 1.966667 2.000000 2.033333 2.066667 2.100000
2.133333 2.166667 2.200000 2.233333 2.266667 2.300000 2.333333 2.366667 2.400000 2.433333 2.466667 2.500000 2.533333 2.566667 2.600000 2.633333
2.666667 2.700000 2.733333 2.766667 2.800000 2.833333 2.866667 2.900000 2.933333 2.966667 3.000000 3.033333 3.066667 3.100000 3.133333 3.166667
3.200000 3.233333 3.266667 3.300000 3.333333 3.366667 3.400000 3.433333 3.466667 3.500000 3.533333 3.566667 3.600000 3.633333 3.666667 3.700000
3.733333 3.766667 3.800000 3.833333 3.866667 3.900000 3.933333 3.966667 4.000000 4.033333 4.066667 4.100000 4.133333 4.166667 4.200000 4.233333
4.266667 4.300000 4.333333 4.366667 4.400000 4.433333 4.466667 4.500000 4.533333 4.566667 4.600000 4.633333 4.666667 4.700000 4.733333 4.766667
4.800000 4.833333 4.866667 4.900000 4.933333 4.966667 5.000000 5.033333 5.066667 5.100000 5.133333 5.166667 5.200000 5.233333 5.266667 5.300000
5.333333 5.366667 5.400000 5.433333 5.466667 5.500000 5.533333 5.566667 5.600000 5.633333 5.666667 5.700000 5.733333 5.766667 5.800000 5.833333
5.866667 5.900000 5.933333 5.966667 6.000000</float_array><technique_common><accessor source="#Hips-Matrix-animation-input-array" count="181"><param name="TIME" type="float"/></accessor></technique_common></source><source id="Hips-Matrix-animation-output-transform"><float_array id="Hips-Matrix-animation-output-transform-array" count="2896">

0.995072 0.055797 -0.081961 5.943878 -0.054863 0.998401 0.013606 118.945648 0.082589 -0.009042 0.996543 0.876375 0.000000 0.000000 0.000000 1.000000
0.995046 0.055544 -0.082454 5.946764 -0.054613 0.998416 0.013509 118.943504 0.083074 -0.008939 0.996503 0.871577 0.000000 0.000000 0.000000 1.000000
0.995017 0.055502 -0.082827 5.948971 -0.054571 0.998419 0.013471 118.942032 0.083443 -0.008884 0.996473 0.870957 0.000000 0.000000 0.000000 1.000000
0.995005 0.055471 -0.082988 5.951759 -0.054539 0.998421 0.013465 118.941025 0.083604 -0.008871 0.996460 0.870666 0.000000 0.000000 0.000000 1.000000
0.995004 0.055431 -0.083034 5.955262 -0.054502 0.998423 0.013423 118.939789 0.083648 -0.008831 0.996456 0.870469 0.000000 0.000000 0.000000 1.000000
0.995005 0.055368 -0.083065 5.959673 -0.054447 0.998428 0.013310 118.937698 0.083672 -0.008721 0.996455 0.870373 0.000000 0.000000 0.000000 1.000000
0.995006 0.055292 -0.083103 5.965118 -0.054382 0.998433 0.013181 118.934921 0.083701 -0.008596 0.996454 0.870749 0.000000 0.000000 0.000000 1.000000
0.995005 0.055239 -0.083144 5.971689 -0.054332 0.998437 0.013133 118.931633 0.083740 -0.008550 0.996451 0.872049 0.000000 0.000000 0.000000 1.000000
0.994999 0.055241 -0.083224 5.979454 -0.054330 0.998436 0.013179 118.927696 0.083822 -0.008591 0.996444 0.874364 0.000000 0.000000 0.000000 1.000000
0.994983 0.055312 -0.083368 5.988292 -0.054395 0.998432 0.013226 118.923439 0.083969 -0.008625 0.996431 0.877303 0.000000 0.000000 0.000000 1.000000
0.994968 0.055434 -0.083461 5.997878 -0.054517 0.998425 0.013238 118.919724 0.084063 -0.008622 0.996423 0.880543 0.000000 0.000000 0.000000 1.000000
0.994970 0.055659 -0.083292 6.007399 -0.054737 0.998412 0.013318 118.917236 0.083901 -0.008692 0.996436 0.890047 0.000000 0.000000 0.000000 1.000000
0.994989 0.055979 -0.082845 6.016690 -0.055045 0.998392 0.013519 118.916183 0.083468 -0.008891 0.996471 0.899648 0.000000 0.000000 0.000000 1.000000
0.995009 0.056309 -0.082375 6.026736 -0.055362 0.998372 0.013748 118.915283 0.083015 -0.009119 0.996507 0.908364 0.000000 0.000000 0.000000 1.000000
0.995014 0.056598 -0.082123 6.038543 -0.055640 0.998354 0.013917 118.912895 0.082775 -0.009278 0.996525 0.916807 0.000000 0.000000 0.000000 1.000000
0.995003 0.056819 -0.082096 6.052659 -0.055853 0.998341 0.014015 118.908440 0.082756 -0.009360 0.996526 0.926917 0.000000 0.000000 0.000000 1.000000
0.994986 0.056917 -0.082245 6.069235 -0.055947 0.998335 0.014056 118.903076 0.082908 -0.009385 0.996513 0.940041 0.000000 0.000000 0.000000 1.000000
0.994957 0.056873 -0.082622 6.087753 -0.055897 0.998337 0.014081 118.898331 0.083286 -0.009392 0.996481 0.956885 0.000000 0.000000 0.000000 1.000000
0.994912 0.056725 -0.083256 6.107599 -0.055739 0.998346 0.014120 118.894547 0.083919 -0.009407 0.996428 0.977454 0.000000 0.000000 0.000000 1.000000
0.994847 0.056598 -0.084114 6.128306 -0.055597 0.998352 0.014196 118.890190 0.084779 -0.009446 0.996355 0.999207 0.000000 0.000000 0.000000 1.000000
0.994746 0.056646 -0.085269 6.149526 -0.055619 0.998349 0.014370 118.883415 0.085942 -0.009552 0.996254 1.016261 0.000000 0.000000 0.000000 1.000000
0.994595 0.056896 -0.086855 6.171409 -0.055827 0.998332 0.014688 118.874474 0.087546 -0.009760 0.996113 1.020391 0.000000 0.000000 0.000000 1.000000
0.994399 0.057297 -0.088810 6.194150 -0.056175 0.998307 0.015087 118.865646 0.089524 -0.010013 0.995934 1.025752 0.000000 0.000000 0.000000 1.000000
0.994191 0.057817 -0.090780 6.216926 -0.056649 0.998275 0.015396 118.860214 0.091513 -0.010164 0.995752 1.031073 0.000000 0.000000 0.000000 1.000000
0.994013 0.058417 -0.092335 6.238902 -0.057223 0.998241 0.015520 118.859154 0.093079 -0.010143 0.995607 1.035487 0.000000 0.000000 0.000000 1.000000
0.993887 0.059065 -0.093274 6.259732 -0.057863 0.998204 0.015543 118.860840 0.094024 -0.010051 0.995519 1.038831 0.000000 0.000000 0.000000 1.000000
0.993810 0.059750 -0.093653 6.279577 -0.058540 0.998163 0.015616 118.862762 0.094414 -0.010037 0.995482 1.041059 0.000000 0.000000 0.000000 1.000000
0.993772 0.060435 -0.093617 6.298656 -0.059210 0.998120 0.015802 118.863472 0.094397 -0.010161 0.995483 1.041823 0.000000 0.000000 0.000000 1.000000
0.993762 0.061040 -0.093332 6.317089 -0.059799 0.998082 0.016042 118.863571 0.094132 -0.010361 0.995506 1.040731 0.000000 0.000000 0.000000 1.000000
0.993767 0.061546 -0.092953 6.334871 -0.060289 0.998048 0.016266 118.864716 0.093772 -0.010561 0.995538 1.037721 0.000000 0.000000 0.000000 1.000000
0.993770 0.062076 -0.092566 6.351764 -0.060808 0.998014 0.016461 118.867981 0.093404 -0.010730 0.995570 1.033100 0.000000 0.000000 0.000000 1.000000
0.993762 0.062747 -0.092189 6.367556 -0.061472 0.997971 0.016615 118.873398 0.093045 -0.010845 0.995603 1.027126 0.000000 0.000000 0.000000 1.000000
0.993746 0.063528 -0.091831 6.382225 -0.062253 0.997921 0.016684 118.880478 0.092700 -0.010863 0.995635 1.019299 0.000000 0.000000 0.000000 1.000000
0.993726 0.064320 -0.091499 6.395761 -0.063052 0.997871 0.016683 118.888237 0.092377 -0.010809 0.995665 1.009277 0.000000 0.000000 0.000000 1.000000
0.993706 0.065059 -0.091193 6.408199 -0.063796 0.997823 0.016699 118.895569 0.092081 -0.010776 0.995693 0.997494 0.000000 0.000000 0.000000 1.000000
0.993689 0.065714 -0.090909 6.419631 -0.064451 0.997780 0.016764 118.901306 0.091809 -0.010799 0.995718 0.984445 0.000000 0.000000 0.000000 1.000000
0.993680 0.066255 -0.090614 6.430072 -0.064990 0.997744 0.016847 118.904915 0.091526 -0.010852 0.995744 0.970398 0.000000 0.000000 0.000000 1.000000
0.993684 0.066667 -0.090265 6.439328 -0.065401 0.997716 0.016908 118.907112 0.091186 -0.010898 0.995774 0.955495 0.000000 0.000000 0.000000 1.000000
0.993694 0.066983 -0.089923 6.447241 -0.065719 0.997694 0.016945 118.909126 0.090851 -0.010928 0.995805 0.939973 0.000000 0.000000 0.000000 1.000000
0.993689 0.067255 -0.089772 6.453858 -0.065992 0.997676 0.016972 118.911446 0.090705 -0.010941 0.995818 0.923919 0.000000 0.000000 0.000000 1.000000
0.993664 0.067386 -0.089951 6.460146 -0.066120 0.997667 0.016984 118.913139 0.090885 -0.010929 0.995801 0.906938 0.000000 0.000000 0.000000 1.000000
0.993625 0.067308 -0.090436 6.466331 -0.066037 0.997673 0.016979 118.913399 0.091368 -0.010899 0.995758 0.888835 0.000000 0.000000 0.000000 1.000000
0.993580 0.067087 -0.091099 6.471453 -0.065810 0.997688 0.016951 118.912598 0.092025 -0.010847 0.995698 0.869769 0.000000 0.000000 0.000000 1.000000
0.993523 0.066828 -0.091904 6.474660 -0.065546 0.997706 0.016901 118.911346 0.092823 -0.010768 0.995624 0.850025 0.000000 0.000000 0.000000 1.000000
0.993438 0.066565 -0.093004 6.483742 -0.065276 0.997725 0.016838 118.909103 0.093913 -0.010656 0.995523 0.829707 0.000000 0.000000 0.000000 1.000000
0.993312 0.066271 -0.094546 6.489250 -0.064972 0.997746 0.016757 118.906136 0.095443 -0.010502 0.995379 0.808681 0.000000 0.000000 0.000000 1.000000
0.993153 0.065986 -0.096400 6.491457 -0.064673 0.997767 0.016694 118.902802 0.097287 -0.010345 0.995203 0.787125 0.000000 0.000000 0.000000 1.000000
0.993007 0.065771 -0.098036 6.494119 -0.064437 0.997782 0.016712 118.900269 0.098918 -0.010278 0.995043 0.765488 0.000000 0.000000 0.000000 1.000000
0.992926 0.065714 -0.098894 6.494604 -0.064358 0.997785 0.016848 118.900612 0.099782 -0.010364 0.994955 0.744184 0.000000 0.000000 0.000000 1.000000
0.992910 0.065828 -0.098975 6.492990 -0.064448 0.997775 0.017088 118.903557 0.099880 -0.010588 0.994943 0.723274 0.000000 0.000000 0.000000 1.000000
0.992913 0.065991 -0.098843 6.490500 -0.064586 0.997761 0.017352 118.906578 0.099766 -0.010845 0.994952 0.702332 0.000000 0.000000 0.000000 1.000000
0.992896 0.066092 -0.098943 6.488019 -0.064664 0.997752 0.017575 118.908096 0.099882 -0.011052 0.994938 0.681000 0.000000 0.000000 0.000000 1.000000
0.992869 0.066137 -0.099187 6.485448 -0.064686 0.997747 0.017777 118.908478 0.100139 -0.011235 0.994910 0.659443 0.000000 0.000000 0.000000 1.000000
0.992852 0.066194 -0.099315 6.482318 -0.064718 0.997741 0.018015 118.908760 0.100283 -0.011459 0.994893 0.638016 0.000000 0.000000 0.000000 1.000000
0.992847 0.066274 -0.099307 6.478457 -0.064770 0.997732 0.018295 118.909531 0.100294 -0.011732 0.994889 0.616808 0.000000 0.000000 0.000000 1.000000
0.992844 0.066309 -0.099312 6.474116 -0.064781 0.997727 0.018542 118.911072 0.100316 -0.011976 0.994884 0.595564 0.000000 0.000000 0.000000 1.000000
0.992835 0.066231 -0.099456 6.469715 -0.064688 0.997731 0.018667 118.912605 0.100467 -0.012100 0.994867 0.574030 0.000000 0.000000 0.000000 1.000000
0.992824 0.066066 -0.099679 6.465397 -0.064519 0.997742 0.018671 118.912750 0.100687 -0.012106 0.994845 0.552434 0.000000 0.000000 0.000000 1.000000
0.992829 0.066010 -0.099664 6.460490 -0.064461 0.997745 0.018687 118.911728 0.100673 -0.012129 0.994846 0.531615 0.000000 0.000000 0.000000 1.000000
0.992869 0.066254 -0.099101 6.454230 -0.064693 0.997726 0.018891 118.911087 0.100127 -0.012345 0.994898 0.512400 0.000000 0.000000 0.000000 1.000000
0.992936 0.066751 -0.098094 6.446864 -0.065162 0.997688 0.019316 118.911690 0.099157 -0.012788 0.994990 0.494695 0.000000 0.000000 0.000000 1.000000
0.992994 0.067255 -0.097157 6.439343 -0.065632 0.997647 0.019805 118.913063 0.098260 -0.013290 0.995072 0.477549 0.000000 0.000000 0.000000 1.000000
0.993019 0.067550 -0.096695 6.432573 -0.065901 0.997623 0.020151 118.913582 0.097826 -0.013638 0.995110 0.459982 0.000000 0.000000 0.000000 1.000000
0.993019 0.067639 -0.096637 6.426572 -0.065975 0.997615 0.020311 118.912048 0.097780 -0.013793 0.995112 0.441981 0.000000 0.000000 0.000000 1.000000
0.993016 0.067659 -0.096653 6.420997 -0.065984 0.997612 0.020421 118.907623 0.097803 -0.013901 0.995109 0.424483 0.000000 0.000000 0.000000 1.000000
0.993020 0.067689 -0.096589 6.415928 -0.065998 0.997607 0.020602 118.899467 0.097753 -0.014084 0.995111 0.410805 0.000000 0.000000 0.000000 1.000000
0.993024 0.067726 -0.096526 6.411503 -0.066013 0.997601 0.020841 118.889023 0.097705 -0.014324 0.995112 0.398027 0.000000 0.000000 0.000000 1.000000
0.993024 0.067733 -0.096522 6.407681 -0.065999 0.997598 0.021044 118.879707 0.097716 -0.014527 0.995108 0.386529 0.000000 0.000000 0.000000 1.000000
0.993025 0.067669 -0.096553 6.404089 -0.065925 0.997601 0.021142 118.874695 0.097752 -0.014630 0.995103 0.379336 0.000000 0.000000 0.000000 1.000000
0.993026 0.067510 -0.096650 6.400551 -0.065766 0.997611 0.021123 118.874939 0.097845 -0.014619 0.995094 0.377509 0.000000 0.000000 0.000000 1.000000
0.993015 0.067299 -0.096914 6.397282 -0.065558 0.997627 0.021041 118.878616 0.098100 -0.014541 0.995070 0.379876 0.000000 0.000000 0.000000 1.000000
0.992984 0.067135 -0.097340 6.394433 -0.065392 0.997639 0.020991 118.882835 0.098519 -0.014478 0.995030 0.385196 0.000000 0.000000 0.000000 1.000000
0.992946 0.067049 -0.097792 6.391847 -0.065297 0.997645 0.021003 118.886909 0.098970 -0.014469 0.994985 0.391915 0.000000 0.000000 0.000000 1.000000
0.992914 0.066970 -0.098172 6.389257 -0.065213 0.997650 0.021007 118.892319 0.099348 -0.014456 0.994948 0.398305 0.000000 0.000000 0.000000 1.000000
0.992891 0.066838 -0.098487 6.386600 -0.065084 0.997660 0.020919 118.899437 0.099655 -0.014361 0.994918 0.404434 0.000000 0.000000 0.000000 1.000000
0.992872 0.066659 -0.098802 6.383989 -0.064917 0.997675 0.020744 118.906639 0.099955 -0.014182 0.994891 0.411166 0.000000 0.000000 0.000000 1.000000
0.992850 0.066463 -0.099150 6.381522 -0.064735 0.997691 0.020540 118.911911 0.100286 -0.013975 0.994860 0.417624 0.000000 0.000000 0.000000 1.000000
0.992835 0.066264 -0.099434 6.379098 -0.064550 0.997707 0.020360 118.915192 0.100555 -0.013796 0.994836 0.423231 0.000000 0.000000 0.000000 1.000000
0.992845 0.066097 -0.099449 6.376404 -0.064395 0.997719 0.020234 118.917625 0.100560 -0.013685 0.994837 0.430939 0.000000 0.000000 0.000000 1.000000
0.992885 0.065988 -0.099125 6.373368 -0.064299 0.997727 0.020143 118.918633 0.100229 -0.013626 0.994871 0.443804 0.000000 0.000000 0.000000 1.000000
0.992936 0.065885 -0.098672 6.365189 -0.064213 0.997735 0.020036 118.917099 0.099769 -0.013559 0.994918 0.459950 0.000000 0.000000 0.000000 1.000000
0.992978 0.065698 -0.098384 6.353882 -0.064045 0.997749 0.019869 118.912964 0.099468 -0.013429 0.994950 0.474822 0.000000 0.000000 0.000000 1.000000
0.992999 0.065376 -0.098386 6.342936 -0.063743 0.997773 0.019656 118.907829 0.099452 -0.013247 0.994954 0.486351 0.000000 0.000000 0.000000 1.000000
0.993001 0.064947 -0.098642 6.332399 -0.063331 0.997803 0.019429 118.903297 0.099687 -0.013046 0.994933 0.495190 0.000000 0.000000 0.000000 1.000000
0.992990 0.064507 -0.099048 6.321855 -0.062903 0.997834 0.019229 118.898682 0.100074 -0.012863 0.994897 0.503484 0.000000 0.000000 0.000000 1.000000
0.992970 0.064153 -0.099477 6.310989 -0.062556 0.997859 0.019095 118.892708 0.100489 -0.012738 0.994857 0.513756 0.000000 0.000000 0.000000 1.000000
0.992956 0.063908 -0.099766 6.299611 -0.062314 0.997875 0.019012 118.885994 0.100769 -0.012661 0.994829 0.527390 0.000000 0.000000 0.000000 1.000000
0.992962 0.063751 -0.099815 6.287375 -0.062169 0.997887 0.018880 118.879982 0.100808 -0.012542 0.994827 0.543499 0.000000 0.000000 0.000000 1.000000
0.992980 0.063607 -0.099727 6.274463 -0.062055 0.997900 0.018593 118.875420 0.100700 -0.012273 0.994841 0.558486 0.000000 0.000000 0.000000 1.000000
0.992997 0.063407 -0.099684 6.261568 -0.061905 0.997918 0.018090 118.871933 0.100624 -0.011793 0.994855 0.568884 0.000000 0.000000 0.000000 1.000000
0.993012 0.063157 -0.099694 6.249079 -0.061721 0.997941 0.017426 118.868332 0.100589 -0.011151 0.994866 0.577424 0.000000 0.000000 0.000000 1.000000
0.993036 0.062929 -0.099593 6.236740 -0.061572 0.997964 0.016638 118.864540 0.100437 -0.010390 0.994889 0.593009 0.000000 0.000000 0.000000 1.000000
0.993081 0.062767 -0.099250 6.224116 -0.061510 0.997983 0.015685 118.862091 0.100035 -0.009471 0.994939 0.623660 0.000000 0.000000 0.000000 1.000000
0.993137 0.062620 -0.098786 6.211411 -0.061473 0.998002 0.014612 118.861404 0.099503 -0.008439 0.995001 0.667383 0.000000 0.000000 0.000000 1.000000
0.993174 0.062483 -0.098497 6.199010 -0.061429 0.998017 0.013697 118.861320 0.099157 -0.007553 0.995043 0.711750 0.000000 0.000000 0.000000 1.000000
0.993184 0.062472 -0.098400 6.186871 -0.061468 0.998022 0.013207 118.861237 0.099030 -0.007068 0.995059 0.748799 0.000000 0.000000 0.000000 1.000000
0.993194 0.062703 -0.098150 6.174417 -0.061709 0.998008 0.013131 118.863190 0.098778 -0.006985 0.995085 0.782844 0.000000 0.000000 0.000000 1.000000
0.993225 0.063067 -0.097604 6.161430 -0.062067 0.997984 0.013250 118.868591 0.098243 -0.007102 0.995137 0.818180 0.000000 0.000000 0.000000 1.000000
0.993267 0.063297 -0.097025 6.148396 -0.062300 0.997969 0.013274 118.876648 0.097668 -0.007140 0.995193 0.850817 0.000000 0.000000 0.000000 1.000000
0.993308 0.063285 -0.096616 6.135652 -0.062311 0.997971 0.013067 118.885437 0.097247 -0.006959 0.995236 0.877750 0.000000 0.000000 0.000000 1.000000
0.993347 0.063154 -0.096293 6.122998 -0.062218 0.997982 0.012696 118.893417 0.096900 -0.006620 0.995272 0.901395 0.000000 0.000000 0.000000 1.000000
0.993393 0.063071 -0.095874 6.109955 -0.062172 0.997989 0.012332 118.901924 0.096460 -0.006290 0.995317 0.923756 0.000000 0.000000 0.000000 1.000000
0.993456 0.063086 -0.095215 6.096187 -0.062212 0.997989 0.012121 118.912407 0.095788 -0.006119 0.995383 0.945003 0.000000 0.000000 0.000000 1.000000
0.993542 0.063152 -0.094268 6.081671 -0.062290 0.997985 0.012060 118.923912 0.094840 -0.006111 0.995474 0.966942 0.000000 0.000000 0.000000 1.000000
0.993641 0.063213 -0.093176 6.066737 -0.062362 0.997981 0.012026 118.934967 0.093749 -0.006139 0.995577 0.991452 0.000000 0.000000 0.000000 1.000000
0.993736 0.063242 -0.092142 6.051695 -0.062409 0.997980 0.011898 118.944176 0.092708 -0.006073 0.995675 1.016216 0.000000 0.000000 0.000000 1.000000
0.993821 0.063213 -0.091231 6.036688 -0.062411 0.997983 0.011619 118.951172 0.091781 -0.005853 0.995762 1.036406 0.000000 0.000000 0.000000 1.000000
0.993904 0.063135 -0.090386 6.021599 -0.062373 0.997990 0.011226 118.957672 0.090913 -0.005520 0.995844 1.051057 0.000000 0.000000 0.000000 1.000000
0.993983 0.063035 -0.089579 6.006376 -0.062319 0.997998 0.010771 118.965248 0.090078 -0.005124 0.995922 1.063583 0.000000 0.000000 0.000000 1.000000
0.994054 0.062917 -0.088872 5.991260 -0.062248 0.998008 0.010283 118.972885 0.089342 -0.004690 0.995990 1.076841 0.000000 0.000000 0.000000 1.000000
0.994108 0.062776 -0.088369 5.976654 -0.062155 0.998019 0.009767 118.978706 0.088807 -0.004216 0.996040 1.089862 0.000000 0.000000 0.000000 1.000000
0.994139 0.062613 -0.088131 5.962782 -0.062041 0.998031 0.009215 118.981804 0.088534 -0.003694 0.996066 1.100420 0.000000 0.000000 0.000000 1.000000
0.994155 0.062439 -0.088075 5.949533 -0.061915 0.998044 0.008664 118.982796 0.088443 -0.003160 0.996076 1.109357 0.000000 0.000000 0.000000 1.000000
0.994177 0.062246 -0.087962 5.936446 -0.061765 0.998057 0.008178 118.983353 0.088300 -0.002698 0.996090 1.119809 0.000000 0.000000 0.000000 1.000000
0.994225 0.062007 -0.087584 5.923196 -0.061559 0.998073 0.007811 118.984756 0.087900 -0.002374 0.996126 1.133237 0.000000 0.000000 0.000000 1.000000
0.994305 0.061689 -0.086905 5.901424 -0.061261 0.998093 0.007587 118.987633 0.087207 -0.002220 0.996188 1.147725 0.000000 0.000000 0.000000 1.000000
0.994410 0.061277 -0.085985 5.880384 -0.060857 0.998118 0.007497 118.990456 0.086282 -0.002222 0.996268 1.160995 0.000000 0.000000 0.000000 1.000000
0.994538 0.060778 -0.084859 5.859163 -0.060358 0.998149 0.007510 118.993355 0.085159 -0.002347 0.996365 1.174748 0.000000 0.000000 0.000000 1.000000
0.994678 0.060218 -0.083601 5.835030 -0.059794 0.998182 0.007566 118.996452 0.083904 -0.002527 0.996471 1.193238 0.000000 0.000000 0.000000 1.000000
0.994806 0.059648 -0.082478 5.805084 -0.059222 0.998216 0.007604 118.999153 0.082785 -0.002680 0.996564 1.216781 0.000000 0.000000 0.000000 1.000000
0.994887 0.059130 -0.081877 5.768288 -0.058704 0.998247 0.007603 119.000534 0.082183 -0.002757 0.996613 1.239472 0.000000 0.000000 0.000000 1.000000
0.994913 0.058670 -0.081893 5.724649 -0.058244 0.998274 0.007585 119.000641 0.082196 -0.002776 0.996612 1.257985 0.000000 0.000000 0.000000 1.000000
0.994916 0.058226 -0.082171 5.673939 -0.057800 0.998300 0.007547 119.001427 0.082470 -0.002759 0.996590 1.277731 0.000000 0.000000 0.000000 1.000000
0.994937 0.057767 -0.082240 5.616540 -0.057346 0.998326 0.007473 119.003990 0.082534 -0.002719 0.996585 1.305176 0.000000 0.000000 0.000000 1.000000
0.994983 0.057408 -0.081933 5.555032 -0.056990 0.998347 0.007441 119.006912 0.082225 -0.002734 0.996610 1.337317 0.000000 0.000000 0.000000 1.000000
0.995031 0.057247 -0.081461 5.493887 -0.056821 0.998356 0.007543 119.007568 0.081759 -0.002877 0.996648 1.363710 0.000000 0.000000 0.000000 1.000000
0.995060 0.057237 -0.081111 5.436152 -0.056795 0.998356 0.007746 119.005783 0.081421 -0.003101 0.996675 1.379950 0.000000 0.000000 0.000000 1.000000
0.995070 0.057246 -0.080984 5.382862 -0.056792 0.998355 0.007902 119.003937 0.081303 -0.003264 0.996684 1.390900 0.000000 0.000000 0.000000 1.000000
0.995074 0.057133 -0.081018 5.334711 -0.056677 0.998361 0.007909 119.003922 0.081337 -0.003278 0.996681 1.401586 0.000000 0.000000 0.000000 1.000000
0.995082 0.056876 -0.081096 5.291948 -0.056429 0.998376 0.007793 119.005409 0.081408 -0.003179 0.996676 1.412485 0.000000 0.000000 0.000000 1.000000
0.995095 0.056570 -0.081147 5.254852 -0.056133 0.998394 0.007658 119.007126 0.081449 -0.003066 0.996673 1.421544 0.000000 0.000000 0.000000 1.000000
0.995105 0.056283 -0.081229 5.225670 -0.055852 0.998410 0.007579 119.008545 0.081526 -0.003005 0.996667 1.425889 0.000000 0.000000 0.000000 1.000000
0.995099 0.056026 -0.081480 5.207121 -0.055597 0.998425 0.007532 119.009972 0.081773 -0.002965 0.996647 1.423590 0.000000 0.000000 0.000000 1.000000
0.995078 0.055743 -0.081928 5.199410 -0.055321 0.998441 0.007421 119.011658 0.082214 -0.002852 0.996611 1.416432 0.000000 0.000000 0.000000 1.000000
0.995056 0.055372 -0.082447 5.202508 -0.054966 0.998462 0.007194 119.013474 0.082719 -0.002627 0.996569 1.408119 0.000000 0.000000 0.000000 1.000000
0.995043 0.054940 -0.082887 5.207869 -0.054554 0.998487 0.006921 119.016098 0.083142 -0.002364 0.996535 1.399181 0.000000 0.000000 0.000000 1.000000
0.995043 0.054537 -0.083153 5.214971 -0.054165 0.998509 0.006728 119.021255 0.083396 -0.002191 0.996514 1.387090 0.000000 0.000000 0.000000 1.000000
0.995057 0.054206 -0.083206 5.223548 -0.053837 0.998527 0.006678 119.029282 0.083445 -0.002165 0.996510 1.371035 0.000000 0.000000 0.000000 1.000000
0.995085 0.053935 -0.083045 5.233631 -0.053560 0.998542 0.006735 119.037827 0.083288 -0.002254 0.996523 1.352762 0.000000 0.000000 0.000000 1.000000
0.995122 0.053704 -0.082748 5.245390 -0.053320 0.998554 0.006839 119.043968 0.082995 -0.002394 0.996547 1.332773 0.000000 0.000000 0.000000 1.000000
0.995162 0.053512 -0.082396 5.259013 -0.053119 0.998564 0.006954 119.046600 0.082650 -0.002543 0.996575 1.310960 0.000000 0.000000 0.000000 1.000000
0.995201 0.053375 -0.082016 5.274517 -0.052971 0.998571 0.007095 119.046745 0.082278 -0.002716 0.996606 1.289827 0.000000 0.000000 0.000000 1.000000
0.995232 0.053306 -0.081680 5.291864 -0.052888 0.998574 0.007282 119.045097 0.081952 -0.002928 0.996632 1.270644 0.000000 0.000000 0.000000 1.000000
0.995238 0.053412 -0.081534 5.310205 -0.052975 0.998568 0.007511 119.042542 0.081818 -0.003156 0.996642 1.250255 0.000000 0.000000 0.000000 1.000000
0.995217 0.053723 -0.081585 5.328983 -0.053267 0.998550 0.007762 119.040985 0.081883 -0.003379 0.996636 1.226835 0.000000 0.000000 0.000000 1.000000
0.995187 0.054132 -0.081687 5.348563 -0.053656 0.998527 0.008021 119.041130 0.082001 -0.003599 0.996626 1.202948 0.000000 0.000000 0.000000 1.000000
0.995154 0.054517 -0.081834 5.369639 -0.054020 0.998506 0.008271 119.041939 0.082163 -0.003811 0.996612 1.179256 0.000000 0.000000 0.000000 1.000000
0.995112 0.054757 -0.082176 5.393015 -0.054242 0.998492 0.008493 119.042351 0.082517 -0.003994 0.996582 1.151905 0.000000 0.000000 0.000000 1.000000
0.995066 0.054867 -0.082667 5.418335 -0.054332 0.998485 0.008705 119.042458 0.083020 -0.004171 0.996539 1.119079 0.000000 0.000000 0.000000 1.000000
0.995032 0.054965 -0.083013 5.444405 -0.054407 0.998478 0.008978 119.043365 0.083380 -0.004417 0.996508 1.082679 0.000000 0.000000 0.000000 1.000000
0.995026 0.055111 -0.082988 5.470693 -0.054522 0.998469 0.009352 119.045410 0.083376 -0.004781 0.996507 1.043914 0.000000 0.000000 0.000000 1.000000
0.995045 0.055310 -0.082621 5.497105 -0.054686 0.998456 0.009800 119.048309 0.083036 -0.005233 0.996533 1.003574 0.000000 0.000000 0.000000 1.000000
0.995075 0.055486 -0.082136 5.523846 -0.054827 0.998443 0.010250 119.050705 0.082577 -0.005696 0.996568 0.964968 0.000000 0.000000 0.000000 1.000000
0.995098 0.055540 -0.081821 5.551130 -0.054853 0.998438 0.010627 119.051086 0.082284 -0.006087 0.996590 0.932119 0.000000 0.000000 0.000000 1.000000
0.995105 0.055433 -0.081814 5.578923 -0.054722 0.998442 0.010908 119.048820 0.082291 -0.006378 0.996588 0.905479 0.000000 0.000000 0.000000 1.000000
0.995112 0.055240 -0.081856 5.606572 -0.054510 0.998451 0.011131 119.044937 0.082344 -0.006615 0.996582 0.882928 0.000000 0.000000 0.000000 1.000000
0.995145 0.055082 -0.081562 5.633225 -0.054335 0.998458 0.011355 119.041336 0.082062 -0.006868 0.996604 0.863313 0.000000 0.000000 0.000000 1.000000
0.995206 0.054979 -0.080879 5.658815 -0.054217 0.998462 0.011589 119.038857 0.081392 -0.007149 0.996657 0.846921 0.000000 0.000000 0.000000 1.000000
0.995278 0.054890 -0.080056 5.683558 -0.054116 0.998465 0.011805 119.036957 0.080581 -0.007417 0.996720 0.833457 0.000000 0.000000 0.000000 1.000000
0.995342 0.054808 -0.079310 5.707350 -0.054025 0.998468 0.011983 119.034721 0.079845 -0.007642 0.996778 0.822077 0.000000 0.000000 0.000000 1.000000
0.995395 0.054760 -0.078674 5.729916 -0.053969 0.998469 0.012142 119.031792 0.079218 -0.007840 0.996826 0.812800 0.000000 0.000000 0.000000 1.000000
0.995439 0.054795 -0.078096 5.750948 -0.053993 0.998465 0.012345 119.028656 0.078652 -0.008072 0.996869 0.807061 0.000000 0.000000 0.000000 1.000000
0.995473 0.054878 -0.077602 5.770687 -0.054059 0.998458 0.012607 119.025818 0.078174 -0.008355 0.996905 0.805287 0.000000 0.000000 0.000000 1.000000
0.995495 0.054933 -0.077281 5.789615 -0.054096 0.998453 0.012889 119.023018 0.077870 -0.008650 0.996926 0.805273 0.000000 0.000000 0.000000 1.000000
0.995504 0.054952 -0.077149 5.807781 -0.054094 0.998449 0.013169 119.019485 0.077753 -0.008937 0.996933 0.804497 0.000000 0.000000 0.000000 1.000000
0.995506 0.054957 -0.077123 5.825033 -0.054078 0.998446 0.013437 119.015182 0.077742 -0.009206 0.996931 0.802129 0.000000 0.000000 0.000000 1.000000
0.995504 0.054949 -0.077145 5.841165 -0.054054 0.998445 0.013647 119.010788 0.077775 -0.009416 0.996926 0.798606 0.000000 0.000000 0.000000 1.000000
0.995499 0.054895 -0.077253 5.856176 -0.053994 0.998447 0.013708 119.007278 0.077886 -0.009475 0.996917 0.794014 0.000000 0.000000 0.000000 1.000000
0.995485 0.054779 -0.077518 5.870093 -0.053883 0.998455 0.013595 119.004578 0.078143 -0.009357 0.996898 0.788569 0.000000 0.000000 0.000000 1.000000
0.995457 0.054647 -0.077964 5.882933 -0.053763 0.998464 0.013383 119.001541 0.078576 -0.009131 0.996866 0.783201 0.000000 0.000000 0.000000 1.000000
0.995418 0.054571 -0.078514 5.894576 -0.053699 0.998470 0.013185 118.997116 0.079113 -0.008909 0.996826 0.780013 0.000000 0.000000 0.000000 1.000000
0.995375 0.054612 -0.079030 5.904692 -0.053742 0.998469 0.013087 118.991676 0.079624 -0.008780 0.996786 0.781847 0.000000 0.000000 0.000000 1.000000
0.995335 0.054748 -0.079436 5.913123 -0.053876 0.998462 0.013077 118.986282 0.080029 -0.008736 0.996754 0.789619 0.000000 0.000000 0.000000 1.000000
0.995302 0.054901 -0.079754 5.920078 -0.054026 0.998454 0.013088 118.980942 0.080350 -0.008718 0.996729 0.801559 0.000000 0.000000 0.000000 1.000000
0.995271 0.055024 -0.080048 5.925859 -0.054145 0.998447 0.013111 118.974640 0.080645 -0.008715 0.996705 0.815821 0.000000 0.000000 0.000000 1.000000
0.995241 0.055128 -0.080353 5.930678 -0.054242 0.998441 0.013165 118.967087 0.080954 -0.008744 0.996680 0.831365 0.000000 0.000000 0.000000 1.000000
0.995207 0.055262 -0.080679 5.934579 -0.054364 0.998433 0.013293 118.959686 0.081287 -0.008843 0.996652 0.847229 0.000000 0.000000 0.000000 1.000000
0.995167 0.055460 -0.081039 5.937600 -0.054544 0.998420 0.013476 118.954025 0.081658 -0.008991 0.996620 0.860966 0.000000 0.000000 0.000000 1.000000
0.995121 0.055690 -0.081443 5.939928 -0.054756 0.998406 0.013650 118.950241 0.082073 -0.009124 0.996585 0.869984 0.000000 0.000000 0.000000 1.000000
0.995080 0.055867 -0.081817 5.941734 -0.054926 0.998396 0.013711 118.947594 0.082451 -0.009150 0.996553 0.874115 0.000000 0.000000 0.000000 1.000000
0.995072 0.055797 -0.081961 5.943873 -0.054863 0.998401 0.013606 118.945633 0.082589 -0.009042 0.996543 0.876373 0.000000 0.000000 0.000000 1.000000</float_array><technique_common><accessor source="#Hips-Matrix-animation-output-transform-array" count="181" stride="16"><param type="float4x4"/></accessor></technique_common></source><source id="Hips-Interpolations"><Name_array id="Hips-Interpolations-array" count="181">
 LINEAR LINEAR LINEAR LINEAR LINEAR LINEAR LINEAR LINEAR LINEAR LINEAR LINEAR
LINEAR LINEAR LINEAR LINEAR LINEAR LINEAR LINEAR LINEAR LINEAR LINEAR LINEAR LINEAR
LINEAR LINEAR LINEAR LINEAR LINEAR LINEAR LINEAR LINEAR LINEAR LINEAR LINEAR LINEAR
LINEAR LINEAR LINEAR LINEAR LINEAR LINEAR LINEAR LINEAR LINEAR LINEAR LINEAR LINEAR
LINEAR LINEAR LINEAR LINEAR LINEAR LINEAR LINEAR LINEAR LINEAR LINEAR LINEAR LINEAR
LINEAR LINEAR LINEAR LINEAR LINEAR LINEAR LINEAR LINEAR LINEAR LINEAR LINEAR LINEAR
LINEAR LINEAR LINEAR LINEAR LINEAR LINEAR LINEAR LINEAR LINEAR LINEAR LINEAR LINEAR
LINEAR LINEAR LINEAR LINEAR LINEAR LINEAR LINEAR LINEAR LINEAR LINEAR LINEAR LINEAR
LINEAR LINEAR LINEAR LINEAR LINEAR LINEAR LINEAR LINEAR LINEAR LINEAR LINEAR LINEAR
LINEAR LINEAR LINEAR LINEAR LINEAR LINEAR LINEAR LINEAR LINEAR LINEAR LINEAR LINEAR
LINEAR LINEAR LINEAR LINEAR LINEAR LINEAR LINEAR LINEAR LINEAR LINEAR LINEAR LINEAR
LINEAR LINEAR LINEAR LINEAR LINEAR LINEAR LINEAR LINEAR LINEAR LINEAR LINEAR LINEAR
LINEAR LINEAR LINEAR LINEAR LINEAR LINEAR LINEAR LINEAR LINEAR LINEAR LINEAR LINEAR
LINEAR LINEAR LINEAR LINEAR LINEAR LINEAR LINEAR LINEAR LINEAR LINEAR LINEAR LINEAR
LINEAR LINEAR LINEAR LINEAR LINEAR LINEAR LINEAR LINEAR LINEAR LINEAR LINEAR LINEAR
LINEAR LINEAR</Name_array><technique_common><accessor source="#Hips-Interpolations-array" count="181"><param type="name"/></accessor></technique_common></source><sampler id="Hips-Matrix-animation-transform"><input semantic="INPUT" source="#Hips-Matrix-animation-input"/><input semantic="OUTPUT" source="#Hips-Matrix-animation-output-transform"/><input semantic="INTERPOLATION" source="#Hips-Interpolations"/></sampler><channel source="#Hips-Matrix-animation-transform" target="Hips/matrix"/></animation>
    <animation id="Spine-anim" name="Spine"><source id="Spine-Matrix-animation-input"><float_array id="Spine-Matrix-animation-input-array" count="181">

0.000000 0.033333 0.066667 0.100000 0.133333 0.166667 0.200000 0.233333 0.266667 0.300000 0.333333 0.366667 0.400000 0.433333 0.466667 0.500000
0.533333 0.566667 0.600000 0.633333 0.666667 0.700000 0.733333 0.766667 0.800000 0.833333 0.866667 0.900000 0.933333 0.966667 1.000000 1.033333
1.066667 1.100000 1.133333 1.166667 1.200000 1.233333 1.266667 1.300000 1.333333 1.366667 1.400000 1.433333 1.466667 1.500000 1.533333 1.566667
1.600000 1.633333 1.666667 1.700000 1.733333 1.766667 1.800000 1.833333 1.866667 1.900000 1.933333 1.966667 2.000000 2.033333 2.066667 2.100000
2.133333 2.166667 2.200000 2.233333 2.266667 2.300000 2.333333 2.366667 2.400000 2.433333 2.466667 2.500000 2.533333 2.566667 2.600000 2.633333
2.666667 2.700000 2.733333 2.766667 2.800000 2.833333 2.866667 2.900000 2.933333 2.966667 3.000000 3.033333 3.066667 3.100000 3.133333 3.166667
3.200000 3.233333 3.266667 3.300000 3.333333 3.366667 3.400000 3.433333 3.466667 3.500000 3.533333 3.566667 3.600000 3.633333 3.666667 3.700000
3.733333 3.766667 3.800000 3.833333 3.866667 3.900000 3.933333 3.966667 4.000000 4.033333 4.066667 4.100000 4.133333 4.166667 4.200000 4.233333
4.266667 4.300000 4.333333 4.366667 4.400000 4.433333 4.466667 4.500000 4.533333 4.566667 4.600000 4.633333 4.666667 4.700000 4.733333 4.766667
4.800000 4.833333 4.866667 4.900000 4.933333 4.966667 5.000000 5.033333 5.066667 5.100000 5.133333 5.166667 5.200000 5.233333 5.266667 5.300000
5.333333 5.366667 5.400000 5.433333 5.466667 5.500000 5.533333 5.566667 5.600000 5.633333 5.666667 5.700000 5.733333 5.766667 5.800000 5.833333
5.866667 5.900000 5.933333 5.966667 6.000000</float_array><technique_common><accessor source="#Spine-Matrix-animation-input-array" count="181"><param name="TIME" type="float"/></accessor></technique_common></source><source id="Spine-Matrix-animation-output-transform"><float_array id="Spine-Matrix-animation-output-transform-array" count="2896">

0.999300 -0.034913 0.013422 0.072000 0.035190 0.999161 -0.020950 7.257300 -0.012680 0.021408 0.999690 -0.789700 0.000000 0.000000 0.000000 1.000000
0.999302 -0.034851 0.013462 0.072000 0.035128 0.999163 -0.020940 7.257300 -0.012721 0.021398 0.999690 -0.789700 0.000000 0.000000 0.000000 1.000000
0.999302 -0.034827 0.013485 0.072000 0.035104 0.999165 -0.020926 7.257300 -0.012745 0.021385 0.999690 -0.789700 0.000000 0.000000 0.000000 1.000000
0.999303 -0.034799 0.013481 0.072000 0.035076 0.999166 -0.020906 7.257300 -0.012742 0.021364 0.999691 -0.789700 0.000000 0.000000 0.000000 1.000000
0.999305 -0.034756 0.013465 0.072000 0.035032 0.999168 -0.020865 7.257300 -0.012728 0.021322 0.999692 -0.789700 0.000000 0.000000 0.000000 1.000000
0.999307 -0.034697 0.013449 0.072000 0.034972 0.999172 -0.020793 7.257300 -0.012716 0.021249 0.999693 -0.789700 0.000000 0.000000 0.000000 1.000000
0.999310 -0.034634 0.013434 0.072000 0.034908 0.999176 -0.020700 7.257300 -0.012706 0.021155 0.999695 -0.789700 0.000000 0.000000 0.000000 1.000000
0.999312 -0.034591 0.013413 0.072000 0.034863 0.999180 -0.020604 7.257300 -0.012689 0.021058 0.999698 -0.789700 0.000000 0.000000 0.000000 1.000000
0.999312 -0.034578 0.013386 0.072000 0.034848 0.999182 -0.020505 7.257300 -0.012666 0.020957 0.999700 -0.789700 0.000000 0.000000 0.000000 1.000000
0.999312 -0.034593 0.013354 0.072000 0.034861 0.999184 -0.020386 7.257300 -0.012638 0.020838 0.999703 -0.789700 0.000000 0.000000 0.000000 1.000000
0.999312 -0.034623 0.013309 0.072000 0.034888 0.999186 -0.020244 7.257300 -0.012598 0.020694 0.999706 -0.789700 0.000000 0.000000 0.000000 1.000000
0.999311 -0.034677 0.013231 0.072000 0.034939 0.999187 -0.020099 7.257300 -0.012524 0.020548 0.999710 -0.789700 0.000000 0.000000 0.000000 1.000000
0.999310 -0.034747 0.013116 0.072000 0.035004 0.999188 -0.019966 7.257300 -0.012412 0.020412 0.999715 -0.789700 0.000000 0.000000 0.000000 1.000000
0.999310 -0.034811 0.012980 0.072000 0.035064 0.999188 -0.019829 7.257300 -0.012279 0.020270 0.999719 -0.789700 0.000000 0.000000 0.000000 1.000000
0.999310 -0.034866 0.012838 0.072000 0.035114 0.999190 -0.019674 7.257300 -0.012142 0.020111 0.999724 -0.789700 0.000000 0.000000 0.000000 1.000000
0.999310 -0.034919 0.012690 0.072000 0.035162 0.999191 -0.019502 7.257300 -0.011999 0.019935 0.999729 -0.789700 0.000000 0.000000 0.000000 1.000000
0.999310 -0.034958 0.012529 0.072000 0.035197 0.999194 -0.019321 7.257300 -0.011843 0.019748 0.999735 -0.789700 0.000000 0.000000 0.000000 1.000000
0.999313 -0.034956 0.012352 0.072000 0.035188 0.999198 -0.019132 7.257300 -0.011673 0.019554 0.999741 -0.789700 0.000000 0.000000 0.000000 1.000000
0.999317 -0.034907 0.012159 0.072000 0.035133 0.999203 -0.018943 7.257300 -0.011488 0.019357 0.999747 -0.789700 0.000000 0.000000 0.000000 1.000000
0.999321 -0.034848 0.011956 0.072000 0.035069 0.999209 -0.018760 7.257300 -0.011293 0.019166 0.999753 -0.789700 0.000000 0.000000 0.000000 1.000000
0.999324 -0.034834 0.011769 0.072000 0.035049 0.999212 -0.018600 7.257300 -0.011111 0.019000 0.999758 -0.789700 0.000000 0.000000 0.000000 1.000000
0.999324 -0.034876 0.011616 0.072000 0.035087 0.999213 -0.018477 7.257300 -0.010963 0.018872 0.999762 -0.789700 0.000000 0.000000 0.000000 1.000000
0.999322 -0.034985 0.011494 0.072000 0.035192 0.999211 -0.018383 7.257300 -0.010842 0.018775 0.999765 -0.789700 0.000000 0.000000 0.000000 1.000000
0.999317 -0.035149 0.011371 0.072000 0.035353 0.999207 -0.018293 7.257300 -0.010719 0.018683 0.999768 -0.789700 0.000000 0.000000 0.000000 1.000000
0.999312 -0.035352 0.011209 0.072000 0.035553 0.999202 -0.018187 7.257300 -0.010557 0.018573 0.999772 -0.789700 0.000000 0.000000 0.000000 1.000000
0.999307 -0.035574 0.010991 0.072000 0.035769 0.999197 -0.018079 7.257300 -0.010339 0.018460 0.999776 -0.789700 0.000000 0.000000 0.000000 1.000000
0.999301 -0.035804 0.010727 0.072000 0.035993 0.999190 -0.017998 7.257300 -0.010074 0.018372 0.999780 -0.789700 0.000000 0.000000 0.000000 1.000000
0.999296 -0.036032 0.010444 0.072000 0.036215 0.999183 -0.017955 7.257300 -0.009788 0.018320 0.999784 -0.789700 0.000000 0.000000 0.000000 1.000000
0.999291 -0.036237 0.010169 0.072000 0.036415 0.999176 -0.017936 7.257300 -0.009511 0.018293 0.999787 -0.789700 0.000000 0.000000 0.000000 1.000000
0.999287 -0.036419 0.009928 0.072000 0.036593 0.999169 -0.017926 7.257300 -0.009267 0.018277 0.999790 -0.789700 0.000000 0.000000 0.000000 1.000000
0.999282 -0.036626 0.009724 0.072000 0.036796 0.999162 -0.017920 7.257300 -0.009060 0.018265 0.999792 -0.789700 0.000000 0.000000 0.000000 1.000000
0.999274 -0.036893 0.009540 0.072000 0.037059 0.999153 -0.017913 7.257300 -0.008871 0.018254 0.999794 -0.789700 0.000000 0.000000 0.000000 1.000000
0.999264 -0.037196 0.009355 0.072000 0.037360 0.999142 -0.017903 7.257300 -0.008681 0.018239 0.999796 -0.789700 0.000000 0.000000 0.000000 1.000000
0.999255 -0.037491 0.009161 0.072000 0.037650 0.999131 -0.017895 7.257300 -0.008482 0.018227 0.999798 -0.789700 0.000000 0.000000 0.000000 1.000000
0.999247 -0.037751 0.008956 0.072000 0.037907 0.999121 -0.017903 7.257300 -0.008273 0.018229 0.999800 -0.789700 0.000000 0.000000 0.000000 1.000000
0.999240 -0.037975 0.008745 0.072000 0.038127 0.999112 -0.017927 7.257300 -0.008057 0.018246 0.999801 -0.789700 0.000000 0.000000 0.000000 1.000000
0.999235 -0.038160 0.008529 0.072000 0.038309 0.999105 -0.017955 7.257300 -0.007836 0.018268 0.999802 -0.789700 0.000000 0.000000 0.000000 1.000000
0.999232 -0.038304 0.008310 0.072000 0.038448 0.999099 -0.017976 7.257300 -0.007614 0.018281 0.999804 -0.789700 0.000000 0.000000 0.000000 1.000000
0.999229 -0.038418 0.008103 0.072000 0.038559 0.999095 -0.017981 7.257300 -0.007405 0.018280 0.999805 -0.789700 0.000000 0.000000 0.000000 1.000000
0.999227 -0.038516 0.007930 0.072000 0.038654 0.999091 -0.017973 7.257300 -0.007231 0.018266 0.999807 -0.789700 0.000000 0.000000 0.000000 1.000000
0.999225 -0.038571 0.007802 0.072000 0.038706 0.999089 -0.017955 7.257300 -0.007102 0.018243 0.999808 -0.789700 0.000000 0.000000 0.000000 1.000000
0.999227 -0.038561 0.007712 0.072000 0.038694 0.999090 -0.017931 7.257300 -0.007013 0.018215 0.999809 -0.789700 0.000000 0.000000 0.000000 1.000000
0.999230 -0.038491 0.007646 0.072000 0.038622 0.999093 -0.017912 7.257300 -0.006949 0.018194 0.999810 -0.789700 0.000000 0.000000 0.000000 1.000000
