<?xml version="1.0" encoding="utf-8"?>
<COLLADA xmlns="http://www.collada.org/2005/11/COLLADASchema" version="1.4.1">
  <asset><contributor><author>Mixamo</author><authoring_tool>COLLADA Mixamo exporter</authoring_tool><comments></comments></contributor><created>2021-07-06T18:39:01Z</created><modified>2021-07-06T18:39:01Z</modified><revision></revision><title></title><unit meter="0.010000"/><up_axis>Y_UP</up_axis></asset>
  <library_animations>
    <animation id="Hips-anim" name="Hips"><source id="Hips-Matrix-animation-input"><float_array id="Hips-Matrix-animation-input-array" count="62">

0.000000 0.033333 0.066667 0.100000 0.133333 0.166667 0.200000 0.233333 0.266667 0.300000 0.333333 0.366667 0.400000 0.433333 0.466667 0.500000
0.533333 0.566667 0.600000 0.633333 0.666667 0.700000 0.733333 0.766667 0.800000 0.833333 0.866667 0.900000 0.933333 0.966667 1.000000 1.033333
1.066667 1.100000 1.133333 1.166667 1.200000 1.233333 1.266667 1.300000 1.333333 1.366667 1.400000 1.433333 1.466667 1.500000 1.533333 1.566667
1.600000 1.633333 1.666667 1.700000 1.733333 1.766667 1.800000 1.833333 1.866667 1.900000 1.933333 1.966667 2.000000 2.033333</float_array><technique_common><accessor source="#Hips-Matrix-animation-input-array" count="62"><param name="TIME" type="float"/></accessor></technique_common></source><source id="Hips-Matrix-animation-output-transform"><float_array id="Hips-Matrix-animation-output-transform-array" count="992">

0.991953 -0.069396 0.105893 0.026008 0.067017 0.997417 0.025865 109.042717 -0.107414 -0.018560 0.994041 1.982534 0.000000 0.000000 0.000000 1.000000
0.991811 -0.068005 0.108107 0.107254 0.065389 0.997479 0.027565 108.879425 -0.109709 -0.020270 0.993757 2.223567 0.000000 0.000000 0.000000 1.000000
0.991676 -0.066739 0.110114 0.236006 0.063787 0.997509 0.030125 108.680206 -0.111850 -0.022851 0.993462 2.520730 0.000000 0.000000 0.000000 1.000000
0.991645 -0.064392 0.111775 0.427477 0.060860 0.997542 0.034735 108.493210 -0.113737 -0.027643 0.993126 2.904320 0.000000 0.000000 0.000000 1.000000
0.991651 -0.058949 0.114691 0.709341 0.054560 0.997667 0.041037 108.345131 -0.116843 -0.034437 0.992553 3.353261 0.000000 0.000000 0.000000 1.000000
0.991637 -0.049496 0.119193 1.133545 0.044448 0.998014 0.044644 108.244537 -0.121166 -0.038973 0.991867 3.739186 0.000000 0.000000 0.000000 1.000000
0.992469 -0.038551 0.116268 1.775323 0.034296 0.998675 0.038380 108.212486 -0.117593 -0.034103 0.992476 3.826367 0.000000 0.000000 0.000000 1.000000
0.995838 -0.031662 0.085470 2.713956 0.030140 0.999364 0.019046 108.191772 -0.086019 -0.016390 0.996159 3.387913 0.000000 0.000000 0.000000 1.000000
0.999373 -0.033253 0.012143 3.986231 0.033335 0.999423 -0.006578 107.858917 -0.011917 0.006979 0.999905 2.388652 0.000000 0.000000 0.000000 1.000000
0.995366 -0.038700 -0.088028 5.520915 0.036538 0.998993 -0.026036 106.693855 0.088947 0.022699 0.995778 1.029998 0.000000 0.000000 0.000000 1.000000
0.985600 -0.038094 -0.164747 7.081796 0.032733 0.998846 -0.035132 104.631187 0.165895 0.029234 0.985710 -0.337779 0.000000 0.000000 0.000000 1.000000
0.985228 -0.029780 -0.168639 8.420712 0.023401 0.998938 -0.039689 101.943428 0.169642 0.035156 0.984878 -1.475162 0.000000 0.000000 0.000000 1.000000
0.994697 -0.024312 -0.099931 9.279885 0.020561 0.999051 -0.038398 98.495697 0.100770 0.036140 0.994253 -2.348173 0.000000 0.000000 0.000000 1.000000
0.999567 -0.026232 -0.013359 9.770899 0.025893 0.999354 -0.024933 94.786911 0.014005 0.024576 0.999600 -2.984074 0.000000 0.000000 0.000000 1.000000
0.998469 -0.036020 0.041968 10.120172 0.036434 0.999294 -0.009136 91.674416 -0.041609 0.010651 0.999077 -3.340769 0.000000 0.000000 0.000000 1.000000
0.996621 -0.050402 0.064862 10.606333 0.051103 0.998651 -0.009190 89.384033 -0.064312 0.012473 0.997852 -3.300576 0.000000 0.000000 0.000000 1.000000
0.994860 -0.062045 0.080030 11.490493 0.064421 0.997545 -0.027456 87.875160 -0.078130 0.032470 0.996414 -2.822582 0.000000 0.000000 0.000000 1.000000
0.992718 -0.059855 0.104535 12.908885 0.065658 0.996434 -0.052987 87.137375 -0.100990 0.059465 0.993109 -1.811286 0.000000 0.000000 0.000000 1.000000
0.989041 -0.037934 0.142683 14.920542 0.049713 0.995561 -0.079914 87.398666 -0.139018 0.086132 0.986537 -0.066016 0.000000 0.000000 0.000000 1.000000
0.980649 0.001705 0.195766 17.709089 0.019984 0.993867 -0.108764 88.616280 -0.194751 0.110571 0.974600 2.784775 0.000000 0.000000 0.000000 1.000000
0.962890 0.049694 0.265278 21.680346 -0.013916 0.990737 -0.135079 90.321854 -0.269534 0.126375 0.954663 7.147214 0.000000 0.000000 0.000000 1.000000
0.933094 0.090067 0.348173 26.887217 -0.039619 0.987983 -0.149397 92.079605 -0.357445 0.125608 0.925449 12.745451 0.000000 0.000000 0.000000 1.000000
0.893013 0.109538 0.436497 33.003723 -0.047036 0.987331 -0.151541 93.142723 -0.447567 0.114797 0.886851 18.829565 0.000000 0.000000 0.000000 1.000000
0.843443 0.104805 0.526897 38.717014 -0.029946 0.988433 -0.148672 93.057396 -0.536384 0.109617 0.836825 24.167793 0.000000 0.000000 0.000000 1.000000
0.776784 0.081559 0.624463 43.480225 0.008108 0.990201 -0.139412 92.364960 -0.629715 0.113356 0.768511 28.530497 0.000000 0.000000 0.000000 1.000000
0.688394 0.050204 0.723598 47.883877 0.044988 0.992726 -0.111675 91.567001 -0.723940 0.109430 0.681128 32.170250 0.000000 0.000000 0.000000 1.000000
0.590027 0.014417 0.807254 51.987141 0.067181 0.995497 -0.066882 91.129440 -0.804583 0.093695 0.586402 35.108349 0.000000 0.000000 0.000000 1.000000
0.488165 -0.018561 0.872554 55.498638 0.077806 0.996718 -0.022328 90.857010 -0.869276 0.078790 0.488007 37.668060 0.000000 0.000000 0.000000 1.000000
0.361628 -0.047038 0.931135 58.439056 0.085716 0.996174 0.017034 90.633553 -0.928374 0.073653 0.364276 40.419201 0.000000 0.000000 0.000000 1.000000
0.187618 -0.103264 0.976799 61.463173 0.078423 0.992859 0.089899 90.498520 -0.979106 0.059737 0.194376 43.759926 0.000000 0.000000 0.000000 1.000000
-0.022787 -0.172439 0.984757 64.756302 0.047577 0.983709 0.173357 90.815399 -0.998608 0.050802 -0.014212 47.583881 0.000000 0.000000 0.000000 1.000000
-0.229242 -0.246064 0.941754 68.499657 -0.003269 0.967709 0.252050 91.756981 -0.973364 0.054702 -0.222643 51.612320 0.000000 0.000000 0.000000 1.000000
-0.400573 -0.313645 0.860911 72.888641 -0.063396 0.946823 0.315446 93.452171 -0.914069 0.071781 -0.399156 55.319614 0.000000 0.000000 0.000000 1.000000
-0.527153 -0.372601 0.763726 77.821487 -0.123944 0.922847 0.364681 95.936882 -0.840683 0.097583 -0.532663 58.070862 0.000000 0.000000 0.000000 1.000000
-0.618638 -0.402309 0.674858 82.660355 -0.168570 0.906915 0.386121 99.965347 -0.767379 0.125109 -0.628870 59.314678 0.000000 0.000000 0.000000 1.000000
-0.690156 -0.398348 0.604156 86.886276 -0.185511 0.904351 0.384363 106.400307 -0.699479 0.153193 -0.698041 59.081276 0.000000 0.000000 0.000000 1.000000
-0.754096 -0.356842 0.551366 90.455276 -0.170795 0.917184 0.360004 114.928078 -0.634168 0.177307 -0.752591 58.177540 0.000000 0.000000 0.000000 1.000000
-0.817981 -0.283648 0.500451 93.694206 -0.132652 0.939541 0.315700 124.476044 -0.559742 0.191851 -0.806153 57.471622 0.000000 0.000000 0.000000 1.000000
-0.875345 -0.216581 0.432277 96.958969 -0.106391 0.958428 0.264758 131.567032 -0.471648 0.185764 -0.861998 57.595432 0.000000 0.000000 0.000000 1.000000
-0.922389 -0.172991 0.345360 100.315811 -0.096952 0.969170 0.226518 137.085510 -0.373898 0.175454 -0.910723 58.279854 0.000000 0.000000 0.000000 1.000000
-0.953187 -0.160737 0.256121 103.784744 -0.107568 0.971854 0.209591 141.451920 -0.282601 0.172229 -0.943649 59.004692 0.000000 0.000000 0.000000 1.000000
-0.970996 -0.162093 0.175762 107.482826 -0.125124 0.970909 0.204155 145.382690 -0.203741 0.176242 -0.963031 59.192848 0.000000 0.000000 0.000000 1.000000
-0.983351 -0.152906 0.098189 111.505531 -0.131624 0.971877 0.195271 149.145920 -0.125286 0.179095 -0.975822 58.339264 0.000000 0.000000 0.000000 1.000000
-0.992154 -0.123023 0.022250 115.562492 -0.116883 0.975933 0.184101 152.218246 -0.044363 0.180056 -0.982656 56.709591 0.000000 0.000000 0.000000 1.000000
-0.995927 -0.079262 -0.042983 119.289970 -0.085947 0.978635 0.186780 154.450165 0.027261 0.189713 -0.981461 54.631279 0.000000 0.000000 0.000000 1.000000
-0.995364 -0.033505 -0.090157 122.498993 -0.051934 0.976193 0.210593 156.783569 0.080955 0.214299 -0.973408 52.439083 0.000000 0.000000 0.000000 1.000000
-0.991395 0.011264 -0.130418 125.279480 -0.020570 0.970509 0.240187 159.640701 0.129277 0.240803 -0.961926 50.342377 0.000000 0.000000 0.000000 1.000000
-0.982572 0.053532 -0.178006 127.583389 0.005880 0.966105 0.258083 162.820389 0.185789 0.252539 -0.949582 48.218933 0.000000 0.000000 0.000000 1.000000
-0.969642 0.085975 -0.228916 129.297897 0.022485 0.963535 0.266637 165.993591 0.243493 0.253395 -0.936217 46.063824 0.000000 0.000000 0.000000 1.000000
-0.958236 0.100724 -0.267652 130.373596 0.023832 0.960791 0.276249 169.414734 0.284983 0.258333 -0.923065 44.128544 0.000000 0.000000 0.000000 1.000000
-0.950498 0.097889 -0.294908 130.891769 0.010950 0.959044 0.283044 173.854904 0.310537 0.265804 -0.912642 42.910603 0.000000 0.000000 0.000000 1.000000
-0.941529 0.088119 -0.325205 130.908096 -0.005008 0.961428 0.275011 179.715500 0.336895 0.260559 -0.904771 42.628242 0.000000 0.000000 0.000000 1.000000
-0.929190 0.082232 -0.360340 130.496109 -0.011890 0.967781 0.251513 186.027710 0.369412 0.237987 -0.898274 43.028687 0.000000 0.000000 0.000000 1.000000
-0.920799 0.085224 -0.380613 129.927170 -0.001497 0.975057 0.221949 191.115845 0.390034 0.204940 -0.897704 43.634197 0.000000 0.000000 0.000000 1.000000
-0.928895 0.084045 -0.360681 129.374985 0.011793 0.980128 0.198015 196.347031 0.370156 0.179681 -0.911427 44.876514 0.000000 0.000000 0.000000 1.000000
-0.949473 0.078497 -0.303875 128.851486 0.019118 0.980885 0.193649 200.055984 0.313267 0.178055 -0.932824 46.086880 0.000000 0.000000 0.000000 1.000000
-0.967391 0.078796 -0.240719 128.331024 0.026109 0.976339 0.214665 201.586548 0.251938 0.201380 -0.946559 46.981316 0.000000 0.000000 0.000000 1.000000
-0.977894 0.091013 -0.188257 127.626587 0.042791 0.968357 0.245873 202.360733 0.204678 0.232382 -0.950845 47.858887 0.000000 0.000000 0.000000 1.000000
-0.986216 0.099592 -0.132132 126.598579 0.061865 0.962596 0.263784 202.753189 0.153461 0.251973 -0.955489 48.430325 0.000000 0.000000 0.000000 1.000000
-0.993554 0.094501 -0.062613 125.452980 0.074951 0.961992 0.262589 203.211731 0.085048 0.256204 -0.962874 48.538960 0.000000 0.000000 0.000000 1.000000
-0.996520 0.083139 0.005973 124.568726 0.081861 0.962673 0.257992 203.686508 0.015699 0.257583 -0.966129 48.173618 0.000000 0.000000 0.000000 1.000000
-0.995548 0.078237 0.052560 124.161644 0.089518 0.959384 0.267522 204.103195 -0.029495 0.271036 -0.962117 47.294781 0.000000 0.000000 0.000000 1.000000</float_array><technique_common><accessor source="#Hips-Matrix-animation-output-transform-array" count="62" stride="16"><param type="float4x4"/></accessor></technique_common></source><source id="Hips-Interpolations"><Name_array id="Hips-Interpolations-array" count="62">
 LINEAR LINEAR LINEAR LINEAR LINEAR LINEAR LINEAR LINEAR LINEAR LINEAR LINEAR
LINEAR LINEAR LINEAR LINEAR LINEAR LINEAR LINEAR LINEAR LINEAR LINEAR LINEAR LINEAR
LINEAR LINEAR LINEAR LINEAR LINEAR LINEAR LINEAR LINEAR LINEAR LINEAR LINEAR LINEAR
LINEAR LINEAR LINEAR LINEAR LINEAR LINEAR LINEAR LINEAR LINEAR LINEAR LINEAR LINEAR
LINEAR LINEAR LINEAR LINEAR LINEAR LINEAR LINEAR LINEAR LINEAR LINEAR LINEAR LINEAR
LINEAR LINEAR LINEAR</Name_array><technique_common><accessor source="#Hips-Interpolations-array" count="62"><param type="name"/></accessor></technique_common></source><sampler id="Hips-Matrix-animation-transform"><input semantic="INPUT" source="#Hips-Matrix-animation-input"/><input semantic="OUTPUT" source="#Hips-Matrix-animation-output-transform"/><input semantic="INTERPOLATION" source="#Hips-Interpolations"/></sampler><channel source="#Hips-Matrix-animation-transform" target="Hips/matrix"/></animation>
    <animation id="Spine-anim" name="Spine"><source id="Spine-Matrix-animation-input"><float_array id="Spine-Matrix-animation-input-array" count="62">

0.000000 0.033333 0.066667 0.100000 0.133333 0.166667 0.200000 0.233333 0.266667 0.300000 0.333333 0.366667 0.400000 0.433333 0.466667 0.500000
0.533333 0.566667 0.600000 0.633333 0.666667 0.700000 0.733333 0.766667 0.800000 0.833333 0.866667 0.900000 0.933333 0.966667 1.000000 1.033333
1.066667 1.100000 1.133333 1.166667 1.200000 1.233333 1.266667 1.300000 1.333333 1.366667 1.400000 1.433333 1.466667 1.500000 1.533333 1.566667
1.600000 1.633333 1.666667 1.700000 1.733333 1.766667 1.800000 1.833333 1.866667 1.900000 1.933333 1.966667 2.000000 2.033333</float_array><technique_common><accessor source="#Spine-Matrix-animation-input-array" count="62"><param name="TIME" type="float"/></accessor></technique_common></source><source id="Spine-Matrix-animation-output-transform"><float_array id="Spine-Matrix-animation-output-transform-array" count="992">

0.999653 0.026326 0.000505 0.071961 -0.026153 0.994967 -0.096728 7.257321 -0.003049 0.096682 0.995311 -0.789679 0.000000 0.000000 0.000000 1.000000
0.999672 0.025582 0.000762 0.071961 -0.025392 0.995109 -0.095462 7.257321 -0.003200 0.095411 0.995433 -0.789679 0.000000 0.000000 0.000000 1.000000
0.999695 0.024657 0.001206 0.071961 -0.024438 0.995354 -0.093128 7.257321 -0.003496 0.093070 0.995653 -0.789679 0.000000 0.000000 0.000000 1.000000
0.999732 0.023057 0.001900 0.071961 -0.022793 0.995690 -0.089902 7.257321 -0.003964 0.089835 0.995949 -0.789679 0.000000 0.000000 0.000000 1.000000
0.999794 0.020090 0.002948 0.071961 -0.019762 0.996110 -0.085876 7.257321 -0.004662 0.085800 0.996301 -0.789679 0.000000 0.000000 0.000000 1.000000
0.999870 0.015435 0.004634 0.071961 -0.015010 0.996618 -0.080791 7.257321 -0.005865 0.080710 0.996720 -0.789679 0.000000 0.000000 0.000000 1.000000
0.999921 0.009810 0.007828 0.071961 -0.009202 0.997191 -0.074330 7.257321 -0.008535 0.074252 0.997203 -0.789679 0.000000 0.000000 0.000000 1.000000
0.999895 0.003941 0.013964 0.071961 -0.002989 0.997709 -0.067589 7.257321 -0.014198 0.067540 0.997616 -0.789679 0.000000 0.000000 0.000000 1.000000
0.999726 -0.002799 0.023239 0.071961 0.004293 0.997912 -0.064453 7.257321 -0.023010 0.064535 0.997650 -0.789679 0.000000 0.000000 0.000000 1.000000
0.999369 -0.012335 0.033320 0.071961 0.014617 0.997501 -0.069126 7.257321 -0.032384 0.069570 0.997051 -0.789679 0.000000 0.000000 0.000000 1.000000
0.998839 -0.026264 0.040379 0.071961 0.029424 0.996378 -0.079782 7.257321 -0.038138 0.080878 0.995994 -0.789679 0.000000 0.000000 0.000000 1.000000
0.998174 -0.043282 0.042140 0.071961 0.046927 0.994859 -0.089745 7.257321 -0.038039 0.091559 0.995073 -0.789679 0.000000 0.000000 0.000000 1.000000
0.997757 -0.054075 0.039452 0.071961 0.057699 0.993571 -0.097405 7.257321 -0.033931 0.099463 0.994463 -0.789679 0.000000 0.000000 0.000000 1.000000
0.997664 -0.056612 0.038219 0.071961 0.060382 0.992529 -0.106017 7.257321 -0.031932 0.108077 0.993630 -0.789679 0.000000 0.000000 0.000000 1.000000
0.997750 -0.052411 0.041803 0.071961 0.056939 0.991650 -0.115705 7.257321 -0.035390 0.117825 0.992404 -0.789679 0.000000 0.000000 0.000000 1.000000
0.998001 -0.042226 0.047020 0.071961 0.047736 0.991257 -0.123005 7.257321 -0.041415 0.125004 0.991292 -0.789679 0.000000 0.000000 0.000000 1.000000
0.998306 -0.029205 0.050314 0.071961 0.035372 0.991349 -0.126396 7.257321 -0.046187 0.127962 0.990703 -0.789679 0.000000 0.000000 0.000000 1.000000
0.998429 -0.018810 0.052771 0.071961 0.025346 0.991697 -0.126075 7.257321 -0.049962 0.127215 0.990616 -0.789679 0.000000 0.000000 0.000000 1.000000
0.998273 -0.014295 0.056979 0.071961 0.021130 0.992400 -0.121224 7.257321 -0.054813 0.122219 0.990988 -0.789679 0.000000 0.000000 0.000000 1.000000
0.997858 -0.015924 0.063449 0.071961 0.022827 0.993713 -0.109605 7.257321 -0.061305 0.110818 0.991948 -0.789679 0.000000 0.000000 0.000000 1.000000
0.997266 -0.022384 0.070425 0.071961 0.028817 0.995369 -0.091706 7.257321 -0.068046 0.093485 0.993293 -0.789679 0.000000 0.000000 0.000000 1.000000
0.996688 -0.030313 0.075462 0.071961 0.035835 0.996693 -0.072932 7.257321 -0.073002 0.075394 0.994478 -0.789679 0.000000 0.000000 0.000000 1.000000
0.996370 -0.034524 0.077818 0.071961 0.039115 0.997535 -0.058260 7.257321 -0.075615 0.061092 0.995264 -0.789679 0.000000 0.000000 0.000000 1.000000
0.996634 -0.028435 0.076889 0.071961 0.032241 0.998292 -0.048722 7.257321 -0.075372 0.051037 0.995849 -0.789679 0.000000 0.000000 0.000000 1.000000
0.997275 -0.015401 0.072145 0.071961 0.018731 0.998779 -0.045703 7.257321 -0.071354 0.046930 0.996346 -0.789679 0.000000 0.000000 0.000000 1.000000
0.997913 -0.006234 0.064273 0.071961 0.009411 0.998742 -0.049244 7.257321 -0.063885 0.049746 0.996717 -0.789679 0.000000 0.000000 0.000000 1.000000
0.998400 -0.001840 0.056517 0.071961 0.005139 0.998287 -0.058277 7.257321 -0.056312 0.058474 0.996699 -0.789679 0.000000 0.000000 0.000000 1.000000
0.998666 0.001731 0.051612 0.071961 0.001849 0.997599 -0.069225 7.257321 -0.051608 0.069228 0.996265 -0.789679 0.000000 0.000000 0.000000 1.000000
0.998944 0.005808 0.045577 0.071961 -0.002135 0.996775 -0.080219 7.257321 -0.045896 0.080037 0.995735 -0.789679 0.000000 0.000000 0.000000 1.000000
0.999389 0.004835 0.034605 0.071961 -0.001591 0.995650 -0.093157 7.257321 -0.034905 0.093046 0.995050 -0.789679 0.000000 0.000000 0.000000 1.000000
0.999828 -0.000881 0.018548 0.071961 0.002938 0.993798 -0.111160 7.257321 -0.018335 0.111195 0.993629 -0.789679 0.000000 0.000000 0.000000 1.000000
0.999962 -0.008661 0.000577 0.071961 0.008661 0.991229 -0.131869 7.257321 0.000570 0.131869 0.991267 -0.789679 0.000000 0.000000 0.000000 1.000000
0.999759 -0.015048 -0.015966 0.071961 0.012524 0.988928 -0.147866 7.257321 0.018015 0.147630 0.988879 -0.789679 0.000000 0.000000 0.000000 1.000000
0.999385 -0.019113 -0.029410 0.071961 0.014360 0.987953 -0.154084 7.257321 0.032000 0.153567 0.987620 -0.789679 0.000000 0.000000 0.000000 1.000000
0.998926 -0.020480 -0.041557 0.071961 0.013995 0.988474 -0.150742 7.257321 0.044165 0.149998 0.987699 -0.789679 0.000000 0.000000 0.000000 1.000000
0.998413 -0.016653 -0.053796 0.071961 0.008958 0.990078 -0.140235 7.257321 0.055597 0.139530 0.988656 -0.789679 0.000000 0.000000 0.000000 1.000000
0.997928 -0.005712 -0.064080 0.071961 -0.002388 0.992076 -0.125613 7.257321 0.064290 0.125506 0.990008 -0.789679 0.000000 0.000000 0.000000 1.000000
0.997296 0.013358 -0.072265 0.071961 -0.021408 0.993500 -0.111803 7.257321 0.070302 0.113048 0.991099 -0.789679 0.000000 0.000000 0.000000 1.000000
0.996976 0.019931 -0.075111 0.071961 -0.027770 0.994105 -0.104809 7.257321 0.072579 0.106578 0.991652 -0.789679 0.000000 0.000000 0.000000 1.000000
0.997309 0.019108 -0.070785 0.071961 -0.026492 0.994131 -0.104892 7.257321 0.068365 0.106485 0.991961 -0.789679 0.000000 0.000000 0.000000 1.000000
0.998200 0.011086 -0.058938 0.071961 -0.017488 0.993862 -0.109237 7.257321 0.057366 0.110072 0.992267 -0.789679 0.000000 0.000000 0.000000 1.000000
0.999087 0.000156 -0.042727 0.071961 -0.005010 0.993522 -0.113526 7.257321 0.042433 0.113637 0.992616 -0.789679 0.000000 0.000000 0.000000 1.000000
0.999516 -0.008320 -0.029989 0.071961 0.004801 0.993289 -0.115563 7.257321 0.030749 0.115363 0.992847 -0.789679 0.000000 0.000000 0.000000 1.000000
0.999712 -0.010213 -0.021723 0.071961 0.007628 0.993230 -0.115911 7.257321 0.022760 0.115712 0.993022 -0.789679 0.000000 0.000000 0.000000 1.000000
0.999846 -0.005063 -0.016810 0.071961 0.003056 0.993087 -0.117343 7.257321 0.017288 0.117274 0.992949 -0.789679 0.000000 0.000000 0.000000 1.000000
0.999901 0.004143 -0.013446 0.071961 -0.005748 0.992562 -0.121604 7.257321 0.012842 0.121670 0.992488 -0.789679 0.000000 0.000000 0.000000 1.000000
0.999793 0.015400 -0.013273 0.071961 -0.016944 0.991967 -0.125361 7.257321 0.011236 0.125560 0.992022 -0.789679 0.000000 0.000000 0.000000 1.000000
0.999514 0.026063 -0.017082 0.071961 -0.027987 0.991856 -0.124248 7.257321 0.013705 0.124666 0.992104 -0.789679 0.000000 0.000000 0.000000 1.000000
0.999164 0.033353 -0.023639 0.071961 -0.035916 0.992369 -0.117958 7.257321 0.019525 0.118708 0.992737 -0.789679 0.000000 0.000000 0.000000 1.000000
0.999007 0.034219 -0.028539 0.071961 -0.037145 0.993322 -0.109231 7.257321 0.024611 0.110182 0.993607 -0.789679 0.000000 0.000000 0.000000 1.000000
0.999218 0.026544 -0.029316 0.071961 -0.029347 0.994578 -0.099762 7.257321 0.026509 0.100545 0.994579 -0.789679 0.000000 0.000000 0.000000 1.000000
0.999517 0.013393 -0.028048 0.071961 -0.015858 0.995852 -0.089599 7.257321 0.026732 0.090000 0.995583 -0.789679 0.000000 0.000000 0.000000 1.000000
0.999642 0.000709 -0.026733 0.071961 -0.002823 0.996858 -0.079160 7.257321 0.026593 0.079207 0.996503 -0.789679 0.000000 0.000000 0.000000 1.000000
0.999681 -0.002567 -0.025136 0.071961 0.000789 0.997514 -0.070470 7.257321 0.025254 0.070427 0.997197 -0.789679 0.000000 0.000000 0.000000 1.000000
0.999822 -0.001066 -0.018852 0.071961 -0.000191 0.997781 -0.066579 7.257321 0.018881 0.066570 0.997603 -0.789679 0.000000 0.000000 0.000000 1.000000
0.999942 0.002461 -0.010472 0.071961 -0.003174 0.997641 -0.068568 7.257321 0.010279 0.068598 0.997591 -0.789679 0.000000 0.000000 0.000000 1.000000
0.999912 0.011486 -0.006564 0.071961 -0.011940 0.997190 -0.073963 7.257321 0.005696 0.074035 0.997239 -0.789679 0.000000 0.000000 0.000000 1.000000
0.999579 0.028047 -0.007438 0.071961 -0.028547 0.996473 -0.078913 7.257321 0.005198 0.079092 0.996854 -0.789679 0.000000 0.000000 0.000000 1.000000
0.999095 0.042128 -0.005859 0.071961 -0.042461 0.995929 -0.079509 7.257321 0.002486 0.079686 0.996817 -0.789679 0.000000 0.000000 0.000000 1.000000
0.998801 0.048952 -0.000305 0.071961 -0.048829 0.995810 -0.077323 7.257321 -0.003482 0.077245 0.997006 -0.789679 0.000000 0.000000 0.000000 1.000000
0.998677 0.051091 0.005909 0.071961 -0.050499 0.995856 -0.075630 7.257321 -0.009748 0.075231 0.997118 -0.789679 0.000000 0.000000 0.000000 1.000000
0.998541 0.053411 0.007976 0.071961 -0.052661 0.995769 -0.075308 7.257321 -0.011965 0.074778 0.997128 -0.789679 0.000000 0.000000 0.000000 1.000000</float_array><technique_common><accessor source="#Spine-Matrix-animation-output-transform-array" count="62" stride="16"><param type="float4x4"/></accessor></technique_common></source><source id="Spine-Interpolations"><Name_array id="Spine-Interpolations-array" count="62">
 LINEAR LINEAR LINEAR LINEAR LINEAR LINEAR LINEAR LINEAR LINEAR LINEAR LINEAR
LINEAR LINEAR LINEAR LINEAR LINEAR LINEAR LINEAR LINEAR LINEAR LINEAR LINEAR LINEAR
LINEAR LINEAR LINEAR LINEAR LINEAR LINEAR LINEAR LINEAR LINEAR LINEAR LINEAR LINEAR
LINEAR LINEAR LINEAR LINEAR LINEAR LINEAR LINEAR LINEAR LINEAR LINEAR LINEAR LINEAR
LINEAR LINEAR LINEAR LINEAR LINEAR LINEAR LINEAR LINEAR LINEAR LINEAR LINEAR LINEAR
LINEAR LINEAR LINEAR</Name_array><technique_common><accessor source="#Spine-Interpolations-array" count="62"><param type="name"/></accessor></technique_common></source><sampler id="Spine-Matrix-animation-transform"><input semantic="INPUT" source="#Spine-Matrix-animation-input"/><input semantic="OUTPUT" source="#Spine-Matrix-animation-output-transform"/><input semantic="INTERPOLATION" source="#Spine-Interpolations"/></sampler><channel source="#Spine-Matrix-animation-transform" target="Spine/matrix"/></animation>
    <animation id="Spine1-anim" name="Spine1"><source id="Spine1-Matrix-animation-input"><float_array id="Spine1-Matrix-animation-input-array" count="62">

0.000000 0.033333 0.066667 0.100000 0.133333 0.166667 0.200000 0.233333 0.266667 0.300000 0.333333 0.366667 0.400000 0.433333 0.466667 0.500000
0.533333 0.566667 0.600000 0.633333 0.666667 0.700000 0.733333 0.766667 0.800000 0.833333 0.866667 0.900000 0.933333 0.966667 1.000000 1.033333
1.066667 1.100000 1.133333 1.166667 1.200000 1.233333 1.266667 1.300000 1.333333 1.366667 1.400000 1.433333 1.466667 1.500000 1.533333 1.566667
1.600000 1.633333 1.666667 1.700000 1.733333 1.766667 1.800000 1.833333 1.866667 1.900000 1.933333 1.966667 2.000000 2.033333</float_array><technique_common><accessor source="#Spine1-Matrix-animation-input-array" count="62"><param name="TIME" type="float"/></accessor></technique_common></source><source id="Spine1-Matrix-animation-output-transform"><float_array id="Spine1-Matrix-animation-output-transform-array" count="992">

0.999918 0.012828 0.000170 0.000000 -0.012555 0.981211 -0.192528 8.466863 -0.002636 0.192510 0.981292 -0.921292 0.000000 0.000000 0.000000 1.000000
0.999919 0.012702 0.000269 0.000000 -0.012419 0.981701 -0.190025 8.466863 -0.002677 0.190007 0.981779 -0.921292 0.000000 0.000000 0.000000 1.000000
0.999921 0.012537 0.000625 0.000000 -0.012204 0.982585 -0.185410 8.466863 -0.002939 0.185388 0.982661 -0.921292 0.000000 0.000000 0.000000 1.000000
0.999931 0.011701 0.001349 0.000000 -0.011271 0.983780 -0.179027 8.466863 -0.003422 0.179000 0.983843 -0.921292 0.000000 0.000000 0.000000 1.000000
0.999952 0.009442 0.002697 0.000000 -0.008841 0.985223 -0.171050 8.466863 -0.004272 0.171018 0.985259 -0.921292 0.000000 0.000000 0.000000 1.000000
0.999970 0.005494 0.005438 0.000000 -0.004547 0.986950 -0.160961 8.466863 -0.006252 0.160932 0.986946 -0.921292 0.000000 0.000000 0.000000 1.000000
0.999931 -0.000137 0.011748 0.000000 0.001876 0.988970 -0.148104 8.466863 -0.011598 0.148116 0.988902 -0.921292 0.000000 0.000000 0.000000 1.000000
0.999657 -0.008380 0.024815 0.000000 0.011646 0.990835 -0.134574 8.466863 -0.023460 0.134817 0.990593 -0.921292 0.000000 0.000000 0.000000 1.000000
0.998736 -0.021582 0.045395 0.000000 0.027238 0.991409 -0.127932 8.466863 -0.042244 0.129007 0.990743 -0.921292 0.000000 0.000000 0.000000 1.000000
0.996842 -0.040542 0.068285 0.000000 0.049587 0.989403 -0.136463 8.466863 -0.062029 0.139418 0.988289 -0.921292 0.000000 0.000000 0.000000 1.000000
0.994788 -0.059219 0.083011 0.000000 0.071747 0.984965 -0.157149 8.466863 -0.072456 0.162285 0.984080 -0.921292 0.000000 0.000000 0.000000 1.000000
0.994017 -0.072047 0.082097 0.000000 0.085714 0.980393 -0.177435 8.466863 -0.067703 0.183410 0.980702 -0.921292 0.000000 0.000000 0.000000 1.000000
0.994360 -0.079448 0.070260 0.000000 0.091701 0.976865 -0.193196 8.466863 -0.053286 0.198550 0.978641 -0.921292 0.000000 0.000000 0.000000 1.000000
0.994646 -0.082644 0.062043 0.000000 0.093973 0.973104 -0.210326 8.466863 -0.042993 0.215030 0.975661 -0.921292 0.000000 0.000000 0.000000 1.000000
0.994657 -0.080421 0.064725 0.000000 0.093250 0.968915 -0.229146 8.466863 -0.044285 0.233957 0.971238 -0.921292 0.000000 0.000000 0.000000 1.000000
0.994806 -0.072001 0.071946 0.000000 0.087495 0.966077 -0.242982 8.466863 -0.052011 0.248015 0.967359 -0.921292 0.000000 0.000000 0.000000 1.000000
0.995201 -0.060772 0.076689 0.000000 0.078141 0.965326 -0.249076 8.466863 -0.058893 0.253873 0.965443 -0.921292 0.000000 0.000000 0.000000 1.000000
0.995291 -0.054198 0.080362 0.000000 0.072618 0.966076 -0.247838 8.466863 -0.064204 0.252506 0.965463 -0.921292 0.000000 0.000000 0.000000 1.000000
0.994613 -0.056354 0.086999 0.000000 0.075649 0.968424 -0.237555 8.466863 -0.070864 0.242857 0.967470 -0.921292 0.000000 0.000000 0.000000 1.000000
0.993135 -0.065567 0.096875 0.000000 0.085109 0.973147 -0.213871 8.466863 -0.080250 0.220647 0.972047 -0.921292 0.000000 0.000000 0.000000 1.000000
0.991384 -0.076537 0.106299 0.000000 0.094710 0.979447 -0.178081 8.466863 -0.090484 0.186614 0.978257 -0.921292 0.000000 0.000000 0.000000 1.000000
0.990427 -0.081791 0.111196 0.000000 0.097223 0.985180 -0.141311 8.466863 -0.097990 0.150769 0.983701 -0.921292 0.000000 0.000000 0.000000 1.000000
0.990958 -0.077089 0.109817 0.000000 0.089532 0.989520 -0.113284 8.466863 -0.099933 0.122092 0.987475 -0.921292 0.000000 0.000000 0.000000 1.000000
0.992683 -0.063860 0.102479 0.000000 0.073670 0.992749 -0.094986 8.466863 -0.095670 0.101840 0.990190 -0.921292 0.000000 0.000000 0.000000 1.000000
0.995038 -0.046819 0.087790 0.000000 0.054665 0.994512 -0.089210 8.466863 -0.083131 0.093566 0.992136 -0.921292 0.000000 0.000000 0.000000 1.000000
0.996788 -0.036826 0.071118 0.000000 0.043617 0.994384 -0.096422 8.466863 -0.067168 0.099214 0.992797 -0.921292 0.000000 0.000000 0.000000 1.000000
0.997186 -0.038287 0.064449 0.000000 0.045479 0.992426 -0.114113 8.466863 -0.059592 0.116723 0.991375 -0.921292 0.000000 0.000000 0.000000 1.000000
0.996330 -0.047610 0.071134 0.000000 0.056899 0.989230 -0.134856 8.466863 -0.063947 0.138408 0.988309 -0.921292 0.000000 0.000000 0.000000 1.000000
0.995086 -0.059670 0.079018 0.000000 0.071422 0.985265 -0.155410 8.466863 -0.068581 0.160290 0.984685 -0.921292 0.000000 0.000000 0.000000 1.000000
0.994289 -0.075402 0.075523 0.000000 0.088013 0.979593 -0.180699 8.466863 -0.060357 0.186314 0.980635 -0.921292 0.000000 0.000000 0.000000 1.000000
0.993958 -0.092773 0.058653 0.000000 0.103415 0.970621 -0.217257 8.466863 -0.036774 0.222010 0.974351 -0.921292 0.000000 0.000000 0.000000 1.000000
0.993744 -0.106100 0.034860 0.000000 0.111525 0.959204 -0.259789 8.466863 -0.005874 0.262051 0.965036 -0.921292 0.000000 0.000000 0.000000 1.000000
0.993679 -0.111557 0.012535 0.000000 0.110325 0.949806 -0.292740 8.466863 0.020751 0.292272 0.956110 -0.921292 0.000000 0.000000 0.000000 1.000000
0.993955 -0.109746 -0.003027 0.000000 0.103564 0.946401 -0.305942 8.466863 0.036441 0.303779 0.952045 -0.921292 0.000000 0.000000 0.000000 1.000000
0.994521 -0.103738 -0.012882 0.000000 0.095114 0.949121 -0.300205 8.466863 0.043369 0.297335 0.953788 -0.921292 0.000000 0.000000 0.000000 1.000000
0.995483 -0.092293 -0.022266 0.000000 0.082388 0.956310 -0.280505 8.466863 0.047182 0.277404 0.959594 -0.921292 0.000000 0.000000 0.000000 1.000000
0.996849 -0.071577 -0.034197 0.000000 0.060671 0.965657 -0.252639 8.466863 0.051106 0.249768 0.966956 -0.921292 0.000000 0.000000 0.000000 1.000000
0.997937 -0.044270 -0.046498 0.000000 0.032637 0.973488 -0.226398 8.466863 0.055288 0.224414 0.972924 -0.921292 0.000000 0.000000 0.000000 1.000000
0.998251 -0.020681 -0.055381 0.000000 0.008480 0.977220 -0.212058 8.466863 0.058505 0.211217 0.975687 -0.921292 0.000000 0.000000 0.000000 1.000000
0.998236 -0.005861 -0.059079 0.000000 -0.006752 0.977454 -0.211042 8.466863 0.058984 0.211069 0.975690 -0.921292 0.000000 0.000000 0.000000 1.000000
0.998344 0.003628 -0.057416 0.000000 -0.016079 0.975834 -0.217920 8.466863 0.055238 0.218482 0.974276 -0.921292 0.000000 0.000000 0.000000 1.000000
0.998378 0.014637 -0.055024 0.000000 -0.026666 0.974054 -0.224737 8.466863 0.050307 0.225840 0.972865 -0.921292 0.000000 0.000000 0.000000 1.000000
0.997944 0.030058 -0.056614 0.000000 -0.042211 0.972851 -0.227552 8.466863 0.048238 0.229474 0.972119 -0.921292 0.000000 0.000000 0.000000 1.000000
0.996766 0.049843 -0.063031 0.000000 -0.062967 0.971789 -0.227291 8.466863 0.049924 0.230525 0.971785 -0.921292 0.000000 0.000000 0.000000 1.000000
0.994747 0.072697 -0.072066 0.000000 -0.087451 0.969448 -0.229177 8.466863 0.053204 0.234276 0.970713 -0.921292 0.000000 0.000000 0.000000 1.000000
0.992040 0.095722 -0.081817 0.000000 -0.112630 0.965065 -0.236569 8.466863 0.056314 0.243901 0.968164 -0.921292 0.000000 0.000000 0.000000 1.000000
0.988998 0.114965 -0.093092 0.000000 -0.134535 0.960684 -0.242873 8.466863 0.061510 0.252725 0.965581 -0.921292 0.000000 0.000000 0.000000 1.000000
0.986025 0.127356 -0.107405 0.000000 -0.149987 0.959235 -0.239523 8.466863 0.072522 0.252285 0.964932 -0.921292 0.000000 0.000000 0.000000 1.000000
0.983631 0.132504 -0.122121 0.000000 -0.157569 0.961262 -0.226160 8.466863 0.087423 0.241700 0.966405 -0.921292 0.000000 0.000000 0.000000 1.000000
0.982662 0.131263 -0.130937 0.000000 -0.156736 0.965383 -0.208494 8.466863 0.099037 0.225402 0.969219 -0.921292 0.000000 0.000000 0.000000 1.000000
0.983620 0.124001 -0.130826 0.000000 -0.147615 0.970656 -0.189836 8.466863 0.103447 0.206038 0.973061 -0.921292 0.000000 0.000000 0.000000 1.000000
0.985956 0.111376 -0.124442 0.000000 -0.131795 0.976558 -0.170187 8.466863 0.102570 0.184198 0.977523 -0.921292 0.000000 0.000000 0.000000 1.000000
0.989056 0.094065 -0.113667 0.000000 -0.110733 0.982380 -0.150560 8.466863 0.097502 0.161499 0.982045 -0.921292 0.000000 0.000000 0.000000 1.000000
0.992524 0.075288 -0.096066 0.000000 -0.087964 0.986881 -0.135385 8.466863 0.084613 0.142823 0.986125 -0.921292 0.000000 0.000000 0.000000 1.000000
0.995839 0.058264 -0.070068 0.000000 -0.067024 0.989247 -0.129992 8.466863 0.061741 0.134147 0.989036 -0.921292 0.000000 0.000000 0.000000 1.000000
0.998043 0.045062 -0.043362 0.000000 -0.050566 0.989472 -0.135601 8.466863 0.036796 0.137529 0.989814 -0.921292 0.000000 0.000000 0.000000 1.000000
0.999069 0.034723 -0.025610 0.000000 -0.038124 0.988379 -0.147153 8.466863 0.020202 0.147993 0.988782 -0.921292 0.000000 0.000000 0.000000 1.000000
0.999561 0.024305 -0.016923 0.000000 -0.026670 0.987167 -0.157446 8.466863 0.012879 0.157828 0.987383 -0.921292 0.000000 0.000000 0.000000 1.000000
0.999898 0.012197 -0.007386 0.000000 -0.013215 0.987222 -0.158805 8.466863 0.005355 0.158886 0.987282 -0.921292 0.000000 0.000000 0.000000 1.000000
0.999956 -0.000379 0.009416 0.000000 0.001824 0.988079 -0.153934 8.466863 -0.009245 0.153944 0.988036 -0.921292 0.000000 0.000000 0.000000 1.000000
0.999549 -0.010616 0.028106 0.000000 0.014706 0.988642 -0.149566 8.466863 -0.026199 0.149912 0.988352 -0.921292 0.000000 0.000000 0.000000 1.000000
0.999122 -0.016815 0.038368 0.000000 0.022333 0.988696 -0.148261 8.466863 -0.035442 0.148988 0.988204 -0.921292 0.000000 0.000000 0.000000 1.000000</float_array><technique_common><accessor source="#Spine1-Matrix-animation-output-transform-array" count="62" stride="16"><param type="float4x4"/></accessor></technique_common></source><source id="Spine1-Interpolations"><Name_array id="Spine1-Interpolations-array" count="62">
 LINEAR LINEAR LINEAR LINEAR LINEAR LINEAR LINEAR LINEAR LINEAR LINEAR LINEAR
LINEAR LINEAR LINEAR LINEAR LINEAR LINEAR LINEAR LINEAR LINEAR LINEAR LINEAR LINEAR
LINEAR LINEAR LINEAR LINEAR LINEAR LINEAR LINEAR LINEAR LINEAR LINEAR LINEAR LINEAR
LINEAR LINEAR LINEAR LINEAR LINEAR LINEAR LINEAR LINEAR LINEAR LINEAR LINEAR LINEAR
LINEAR LINEAR LINEAR LINEAR LINEAR LINEAR LINEAR LINEAR LINEAR LINEAR LINEAR LINEAR
LINEAR LINEAR LINEAR</Name_array><technique_common><accessor source="#Spine1-Interpolations-array" count="62"><param type="name"/></accessor></technique_common></source><sampler id="Spine1-Matrix-animation-transform"><input semantic="INPUT" source="#Spine1-Matrix-animation-input"/><input semantic="OUTPUT" source="#Spine1-Matrix-animation-output-transform"/><input semantic="INTERPOLATION" source="#Spine1-Interpolations"/></sampler><channel source="#Spine1-Matrix-animation-transform" target="Spine1/matrix"/></animation>
    <animation id="Spine2-anim" name="Spine2"><source id="Spine2-Matrix-animation-input"><float_array id="Spine2-Matrix-animation-input-array" count="62">

0.000000 0.033333 0.066667 0.100000 0.133333 0.166667 0.200000 0.233333 0.266667 0.300000 0.333333 0.366667 0.400000 0.433333 0.466667 0.500000
0.533333 0.566667 0.600000 0.633333 0.666667 0.700000 0.733333 0.766667 0.800000 0.833333 0.866667 0.900000 0.933333 0.966667 1.000000 1.033333
1.066667 1.100000 1.133333 1.166667 1.200000 1.233333 1.266667 1.300000 1.333333 1.366667 1.400000 1.433333 1.466667 1.500000 1.533333 1.566667
1.600000 1.633333 1.666667 1.700000 1.733333 1.766667 1.800000 1.833333 1.866667 1.900000 1.933333 1.966667 2.000000 2.033333</float_array><technique_common><accessor source="#Spine2-Matrix-animation-input-array" count="62"><param name="TIME" type="float"/></accessor></technique_common></source><source id="Spine2-Matrix-animation-output-transform"><float_array id="Spine2-Matrix-animation-output-transform-array" count="992">

0.999918 0.012828 0.000170 0.000000 -0.012555 0.981211 -0.192528 29.059362 -0.002636 0.192510 0.981292 -1.052907 0.000000 0.000000 0.000000 1.000000
0.999919 0.012702 0.000269 0.000000 -0.012419 0.981701 -0.190025 29.059362 -0.002677 0.190007 0.981779 -1.052907 0.000000 0.000000 0.000000 1.000000
0.999921 0.012537 0.000625 0.000000 -0.012204 0.982585 -0.185410 29.059362 -0.002939 0.185388 0.982661 -1.052907 0.000000 0.000000 0.000000 1.000000
0.999931 0.011701 0.001349 0.000000 -0.011271 0.983780 -0.179027 29.059362 -0.003422 0.179000 0.983843 -1.052907 0.000000 0.000000 0.000000 1.000000
0.999952 0.009442 0.002697 0.000000 -0.008841 0.985223 -0.171050 29.059362 -0.004272 0.171018 0.985259 -1.052907 0.000000 0.000000 0.000000 1.000000
0.999970 0.005494 0.005438 0.000000 -0.004547 0.986950 -0.160961 29.059362 -0.006252 0.160932 0.986946 -1.052907 0.000000 0.000000 0.000000 1.000000
0.999931 -0.000137 0.011748 0.000000 0.001876 0.988970 -0.148105 29.059362 -0.011598 0.148116 0.988902 -1.052907 0.000000 0.000000 0.000000 1.000000
0.999657 -0.008380 0.024815 0.000000 0.011646 0.990835 -0.134574 29.059362 -0.023460 0.134817 0.990593 -1.052907 0.000000 0.000000 0.000000 1.000000
0.998736 -0.021582 0.045395 0.000000 0.027238 0.991409 -0.127932 29.059362 -0.042244 0.129007 0.990743 -1.052907 0.000000 0.000000 0.000000 1.000000
0.996842 -0.040542 0.068285 0.000000 0.049587 0.989403 -0.136462 29.059362 -0.062029 0.139418 0.988289 -1.052907 0.000000 0.000000 0.000000 1.000000
0.994788 -0.059219 0.083011 0.000000 0.071747 0.984965 -0.157148 29.059362 -0.072456 0.162285 0.984080 -1.052907 0.000000 0.000000 0.000000 1.000000
0.994017 -0.072047 0.082097 0.000000 0.085714 0.980393 -0.177435 29.059362 -0.067703 0.183410 0.980702 -1.052907 0.000000 0.000000 0.000000 1.000000
0.994360 -0.079448 0.070260 0.000000 0.091701 0.976866 -0.193196 29.059362 -0.053286 0.198549 0.978641 -1.052907 0.000000 0.000000 0.000000 1.000000
0.994646 -0.082644 0.062043 0.000000 0.093973 0.973104 -0.210326 29.059362 -0.042993 0.215030 0.975661 -1.052907 0.000000 0.000000 0.000000 1.000000
0.994657 -0.080421 0.064725 0.000000 0.093250 0.968915 -0.229146 29.059362 -0.044285 0.233957 0.971238 -1.052907 0.000000 0.000000 0.000000 1.000000
0.994806 -0.072001 0.071946 0.000000 0.087495 0.966077 -0.242982 29.059362 -0.052011 0.248015 0.967359 -1.052907 0.000000 0.000000 0.000000 1.000000
0.995201 -0.060772 0.076689 0.000000 0.078141 0.965327 -0.249076 29.059362 -0.058893 0.253873 0.965443 -1.052907 0.000000 0.000000 0.000000 1.000000
0.995291 -0.054198 0.080363 0.000000 0.072618 0.966076 -0.247838 29.059362 -0.064204 0.252506 0.965463 -1.052907 0.000000 0.000000 0.000000 1.000000
0.994613 -0.056354 0.086999 0.000000 0.075649 0.968424 -0.237555 29.059362 -0.070864 0.242857 0.967470 -1.052907 0.000000 0.000000 0.000000 1.000000
0.993135 -0.065567 0.096875 0.000000 0.085109 0.973147 -0.213871 29.059362 -0.080250 0.220648 0.972047 -1.052907 0.000000 0.000000 0.000000 1.000000
0.991384 -0.076537 0.106299 0.000000 0.094710 0.979447 -0.178081 29.059362 -0.090484 0.186614 0.978257 -1.052907 0.000000 0.000000 0.000000 1.000000
0.990427 -0.081791 0.111196 0.000000 0.097223 0.985180 -0.141311 29.059362 -0.097990 0.150769 0.983701 -1.052907 0.000000 0.000000 0.000000 1.000000
0.990958 -0.077089 0.109817 0.000000 0.089532 0.989520 -0.113284 29.059362 -0.099933 0.122092 0.987475 -1.052907 0.000000 0.000000 0.000000 1.000000
0.992683 -0.063860 0.102479 0.000000 0.073670 0.992749 -0.094986 29.059362 -0.095670 0.101840 0.990190 -1.052907 0.000000 0.000000 0.000000 1.000000
0.995038 -0.046819 0.087790 0.000000 0.054665 0.994512 -0.089210 29.059362 -0.083131 0.093566 0.992136 -1.052907 0.000000 0.000000 0.000000 1.000000
0.996788 -0.036826 0.071118 0.000000 0.043617 0.994384 -0.096422 29.059362 -0.067168 0.099214 0.992797 -1.052907 0.000000 0.000000 0.000000 1.000000
0.997186 -0.038287 0.064450 0.000000 0.045480 0.992426 -0.114113 29.059362 -0.059592 0.116723 0.991375 -1.052907 0.000000 0.000000 0.000000 1.000000
0.996330 -0.047610 0.071134 0.000000 0.056899 0.989230 -0.134856 29.059362 -0.063947 0.138408 0.988309 -1.052907 0.000000 0.000000 0.000000 1.000000
