<?xml version="1.0" encoding="utf-8"?>
<COLLADA xmlns="http://www.collada.org/2005/11/COLLADASchema" version="1.4.1">
  <asset><contributor><author>Mixamo</author><authoring_tool>COLLADA Mixamo exporter</authoring_tool><comments></comments></contributor><created>2021-07-21T13:45:01Z</created><modified>2021-07-21T13:45:01Z</modified><revision></revision><title></title><unit meter="0.010000"/><up_axis>Y_UP</up_axis></asset>
  <library_animations>
    <animation id="Hips-anim" name="Hips"><source id="Hips-Matrix-animation-input"><float_array id="Hips-Matrix-animation-input-array" count="43">

0.000000 0.033333 0.066667 0.100000 0.133333 0.166667 0.200000 0.233333 0.266667 0.300000 0.333333 0.366667 0.400000 0.433333 0.466667 0.500000
0.533333 0.566667 0.600000 0.633333 0.666667 0.700000 0.733333 0.766667 0.800000 0.833333 0.866667 0.900000 0.933333 0.966667 1.000000 1.033333
1.066667 1.100000 1.133333 1.166667 1.200000 1.233333 1.266667 1.300000 1.333333 1.366667 1.400000</float_array><technique_common><accessor source="#Hips-Matrix-animation-input-array" count="43"><param name="TIME" type="float"/></accessor></technique_common></source><source id="Hips-Matrix-animation-output-transform"><float_array id="Hips-Matrix-animation-output-transform-array" count="688">

0.998263 0.058893 0.001473 0.137701 -0.058871 0.998188 -0.012434 112.306984 -0.002202 0.012326 0.999922 1.325897 0.000000 0.000000 0.000000 1.000000
0.999196 0.038155 -0.012338 -0.301632 -0.038281 0.999216 -0.010144 113.552017 0.011941 0.010608 0.999872 0.867746 0.000000 0.000000 0.000000 1.000000
0.999425 0.023492 -0.024468 -0.725155 -0.023800 0.999640 -0.012380 114.799103 0.024169 0.012956 0.999624 0.115863 0.000000 0.000000 0.000000 1.000000
0.999313 0.012774 -0.034791 -1.103944 -0.013492 0.999699 -0.020482 115.946724 0.034519 0.020937 0.999185 -0.866676 0.000000 0.000000 0.000000 1.000000
0.999034 0.002898 -0.043840 -1.411277 -0.004360 0.999436 -0.033288 116.712433 0.043719 0.033447 0.998484 -1.988346 0.000000 0.000000 0.000000 1.000000
0.998511 0.000271 -0.054555 -1.596888 -0.002814 0.998912 -0.046542 116.897591 0.054483 0.046626 0.997425 -3.048459 0.000000 0.000000 0.000000 1.000000
0.997630 0.009337 -0.068168 -1.625867 -0.013190 0.998327 -0.056292 115.948845 0.067528 0.057057 0.996085 -3.363819 0.000000 0.000000 0.000000 1.000000
0.996265 0.017863 -0.084482 -1.603978 -0.023157 0.997801 -0.062102 114.830650 0.083186 0.063826 0.994488 -3.306753 0.000000 0.000000 0.000000 1.000000
0.994635 0.017335 -0.101984 -1.513809 -0.024183 0.997506 -0.066307 113.899216 0.100580 0.068418 0.992574 -2.901888 0.000000 0.000000 0.000000 1.000000
0.992762 0.003389 -0.120048 -1.296759 -0.011915 0.997450 -0.070374 113.153336 0.119504 0.071295 0.990271 -2.098362 0.000000 0.000000 0.000000 1.000000
0.990178 -0.019848 -0.138393 -0.932261 0.009896 0.997339 -0.072228 112.202911 0.139459 0.070149 0.987740 -0.769662 0.000000 0.000000 0.000000 1.000000
0.986728 -0.046695 -0.155525 -0.436280 0.036352 0.996975 -0.068694 110.883377 0.158262 0.062128 0.985441 0.831157 0.000000 0.000000 0.000000 1.000000
0.982435 -0.072417 -0.171981 0.192798 0.062885 0.996201 -0.060249 109.442795 0.175690 0.048376 0.983256 2.115015 0.000000 0.000000 0.000000 1.000000
0.977272 -0.099549 -0.187164 0.874074 0.091603 0.994506 -0.050656 108.094223 0.191178 0.032360 0.981022 2.681550 0.000000 0.000000 0.000000 1.000000
0.971641 -0.123621 -0.201575 1.496861 0.117493 0.992180 -0.042133 106.980499 0.205207 0.017255 0.978567 2.722898 0.000000 0.000000 0.000000 1.000000
0.967383 -0.138282 -0.212246 1.972728 0.134497 0.990389 -0.032245 106.281746 0.214665 0.002647 0.976684 2.563065 0.000000 0.000000 0.000000 1.000000
0.966923 -0.141732 -0.212068 2.287395 0.141144 0.989826 -0.017988 106.256836 0.212460 -0.012539 0.977089 2.417839 0.000000 0.000000 0.000000 1.000000
0.970986 -0.136817 -0.196133 2.498594 0.139273 0.990253 -0.001282 106.940880 0.194397 -0.026071 0.980576 2.342771 0.000000 0.000000 0.000000 1.000000
0.977573 -0.128413 -0.166919 2.682795 0.132334 0.991126 0.012541 108.172806 0.163827 -0.034348 0.985891 2.304200 0.000000 0.000000 0.000000 1.000000
0.983893 -0.119393 -0.133044 2.883543 0.123203 0.992164 0.020754 109.685989 0.129524 -0.036811 0.990893 2.253214 0.000000 0.000000 0.000000 1.000000
0.988699 -0.109314 -0.102588 3.107459 0.112413 0.993349 0.024916 111.236137 0.099182 -0.036167 0.994412 2.147765 0.000000 0.000000 0.000000 1.000000
0.992273 -0.096471 -0.078025 3.349089 0.098874 0.994719 0.027538 112.664291 0.074956 -0.035040 0.996571 1.941812 0.000000 0.000000 0.000000 1.000000
0.995097 -0.080554 -0.057378 3.604293 0.082359 0.996156 0.029823 113.883202 0.054755 -0.034402 0.997907 1.577577 0.000000 0.000000 0.000000 1.000000
0.997274 -0.062983 -0.038440 3.862011 0.064221 0.997426 0.031882 114.829948 0.036333 -0.034263 0.998752 1.016890 0.000000 0.000000 0.000000 1.000000
0.998761 -0.045268 -0.020664 4.101895 0.045936 0.998398 0.033046 115.460121 0.019135 -0.033955 0.999240 0.280446 0.000000 0.000000 0.000000 1.000000
0.999704 -0.023972 -0.004226 4.324888 0.024095 0.999202 0.031845 115.782608 0.003459 -0.031937 0.999484 -0.626512 0.000000 0.000000 0.000000 1.000000
0.999911 -0.007464 0.011044 4.484901 0.007168 0.999620 0.026607 115.918900 -0.011238 -0.026526 0.999585 -1.344324 0.000000 0.000000 0.000000 1.000000
0.999664 0.005441 0.025339 4.593185 -0.005861 0.999846 0.016557 116.180069 -0.025245 -0.016700 0.999542 -1.665134 0.000000 0.000000 0.000000 1.000000
0.999192 0.010919 0.038671 4.627922 -0.010991 0.999938 0.001650 116.100304 -0.038650 -0.002073 0.999251 -1.144500 0.000000 0.000000 0.000000 1.000000
0.998529 0.016763 0.051566 4.607669 -0.015888 0.999724 -0.017333 116.169342 -0.051843 0.016488 0.998519 -0.372992 0.000000 0.000000 0.000000 1.000000
0.997696 0.023619 0.063605 4.510012 -0.021190 0.999030 -0.038599 116.054626 -0.064455 0.037162 0.997228 0.470537 0.000000 0.000000 0.000000 1.000000
0.996776 0.031379 0.073842 4.311027 -0.027025 0.997878 -0.059240 115.629112 -0.075544 0.057054 0.995509 1.306253 0.000000 0.000000 0.000000 1.000000
0.996044 0.035142 0.081620 3.985497 -0.029037 0.996775 -0.074810 114.600319 -0.083986 0.072144 0.993852 2.343329 0.000000 0.000000 0.000000 1.000000
0.995415 0.042169 0.085850 3.502894 -0.035255 0.996129 -0.080522 112.974358 -0.088913 0.077126 0.993049 3.209796 0.000000 0.000000 0.000000 1.000000
0.994387 0.057964 0.088512 2.888834 -0.051276 0.995785 -0.076053 111.146881 -0.092547 0.071087 0.993168 3.449164 0.000000 0.000000 0.000000 1.000000
0.992637 0.080175 0.090797 2.295420 -0.074309 0.995032 -0.066250 109.478798 -0.095658 0.059015 0.993663 3.145437 0.000000 0.000000 0.000000 1.000000
0.990537 0.101340 0.092556 1.847081 -0.096365 0.993727 -0.056742 108.313232 -0.097726 0.047286 0.994089 2.586118 0.000000 0.000000 0.000000 1.000000
0.989061 0.115884 0.091266 1.566041 -0.111724 0.992508 -0.049458 107.857872 -0.096314 0.038721 0.994598 2.047330 0.000000 0.000000 0.000000 1.000000
0.989080 0.121806 0.082970 1.386612 -0.118586 0.992025 -0.042706 108.077583 -0.087510 0.032400 0.995637 1.685284 0.000000 0.000000 0.000000 1.000000
0.990759 0.118717 0.065592 1.208816 -0.116643 0.992571 -0.034609 108.806717 -0.069214 0.026638 0.997246 1.526830 0.000000 0.000000 0.000000 1.000000
0.993430 0.106314 0.042347 0.952162 -0.105292 0.994110 -0.025669 109.861557 -0.044827 0.021041 0.998773 1.503650 0.000000 0.000000 0.000000 1.000000
0.996152 0.085453 0.019478 0.587653 -0.085109 0.996212 -0.017854 111.067856 -0.020930 0.016127 0.999651 1.487442 0.000000 0.000000 0.000000 1.000000
0.998263 0.058893 0.001473 0.137697 -0.058870 0.998188 -0.012434 112.306984 -0.002202 0.012326 0.999922 1.325896 0.000000 0.000000 0.000000 1.000000</float_array><technique_common><accessor source="#Hips-Matrix-animation-output-transform-array" count="43" stride="16"><param type="float4x4"/></accessor></technique_common></source><source id="Hips-Interpolations"><Name_array id="Hips-Interpolations-array" count="43">
 LINEAR LINEAR LINEAR LINEAR LINEAR LINEAR LINEAR LINEAR LINEAR LINEAR LINEAR
LINEAR LINEAR LINEAR LINEAR LINEAR LINEAR LINEAR LINEAR LINEAR LINEAR LINEAR LINEAR
LINEAR LINEAR LINEAR LINEAR LINEAR LINEAR LINEAR LINEAR LINEAR LINEAR LINEAR LINEAR
LINEAR LINEAR LINEAR LINEAR LINEAR LINEAR LINEAR LINEAR</Name_array><technique_common><accessor source="#Hips-Interpolations-array" count="43"><param type="name"/></accessor></technique_common></source><sampler id="Hips-Matrix-animation-transform"><input semantic="INPUT" source="#Hips-Matrix-animation-input"/><input semantic="OUTPUT" source="#Hips-Matrix-animation-output-transform"/><input semantic="INTERPOLATION" source="#Hips-Interpolations"/></sampler><channel source="#Hips-Matrix-animation-transform" target="Hips/matrix"/></animation>
    <animation id="Spine-anim" name="Spine"><source id="Spine-Matrix-animation-input"><float_array id="Spine-Matrix-animation-input-array" count="43">

0.000000 0.033333 0.066667 0.100000 0.133333 0.166667 0.200000 0.233333 0.266667 0.300000 0.333333 0.366667 0.400000 0.433333 0.466667 0.500000
0.533333 0.566667 0.600000 0.633333 0.666667 0.700000 0.733333 0.766667 0.800000 0.833333 0.866667 0.900000 0.933333 0.966667 1.000000 1.033333
1.066667 1.100000 1.133333 1.166667 1.200000 1.233333 1.266667 1.300000 1.333333 1.366667 1.400000</float_array><technique_common><accessor source="#Spine-Matrix-animation-input-array" count="43"><param name="TIME" type="float"/></accessor></technique_common></source><source id="Spine-Matrix-animation-output-transform"><float_array id="Spine-Matrix-animation-output-transform-array" count="688">

0.998203 -0.051227 0.031104 0.072000 0.052462 0.997810 -0.040276 7.257300 -0.028973 0.041835 0.998704 -0.789700 0.000000 0.000000 0.000000 1.000000
0.998463 -0.039548 0.038826 0.072000 0.041145 0.998302 -0.041227 7.257300 -0.037130 0.042761 0.998395 -0.789700 0.000000 0.000000 0.000000 1.000000
0.998514 -0.030531 0.045136 0.072000 0.032387 0.998635 -0.040979 7.257300 -0.043823 0.042380 0.998140 -0.789700 0.000000 0.000000 0.000000 1.000000
0.998529 -0.021077 0.049956 0.072000 0.023046 0.998967 -0.039165 7.257300 -0.049079 0.040259 0.997983 -0.789700 0.000000 0.000000 0.000000 1.000000
0.998539 -0.008720 0.053329 0.072000 0.010637 0.999303 -0.035783 7.257300 -0.052980 0.036298 0.997936 -0.789700 0.000000 0.000000 0.000000 1.000000
0.998343 -0.002285 0.057491 0.072000 0.004064 0.999516 -0.030841 7.257300 -0.057393 0.031023 0.997870 -0.789700 0.000000 0.000000 0.000000 1.000000
0.998044 -0.006631 0.062158 0.072000 0.008258 0.999629 -0.025960 7.257300 -0.061963 0.026423 0.997729 -0.789700 0.000000 0.000000 0.000000 1.000000
0.997809 -0.009893 0.065415 0.072000 0.011441 0.999662 -0.023337 7.257300 -0.065162 0.024034 0.997585 -0.789700 0.000000 0.000000 0.000000 1.000000
0.997792 -0.007382 0.066004 0.072000 0.008916 0.999696 -0.022981 7.257300 -0.065815 0.023518 0.997555 -0.789700 0.000000 0.000000 0.000000 1.000000
0.997904 0.000351 0.064705 0.072000 0.001188 0.999718 -0.023735 7.257300 -0.064695 0.023762 0.997622 -0.789700 0.000000 0.000000 0.000000 1.000000
0.997996 0.009078 0.062615 0.072000 -0.007522 0.999658 -0.025050 7.257300 -0.062821 0.024529 0.997723 -0.789700 0.000000 0.000000 0.000000 1.000000
0.998045 0.019211 0.059478 0.072000 -0.017619 0.999475 -0.027180 7.257300 -0.059969 0.026078 0.997860 -0.789700 0.000000 0.000000 0.000000 1.000000
0.997837 0.032835 0.056949 0.072000 -0.031142 0.999054 -0.030362 7.257300 -0.057892 0.028523 0.997915 -0.789700 0.000000 0.000000 0.000000 1.000000
0.997140 0.052662 0.054217 0.072000 -0.050898 0.998145 -0.033404 7.257300 -0.055876 0.030549 0.997970 -0.789700 0.000000 0.000000 0.000000 1.000000
0.996149 0.071437 0.050824 0.072000 -0.069695 0.996945 -0.035274 7.257300 -0.053188 0.031596 0.998085 -0.789700 0.000000 0.000000 0.000000 1.000000
0.995542 0.082784 0.045203 0.072000 -0.081156 0.996024 -0.036736 7.257300 -0.048065 0.032904 0.998302 -0.789700 0.000000 0.000000 0.000000 1.000000
0.995593 0.086563 0.036085 0.072000 -0.085146 0.995600 -0.039128 7.257300 -0.039313 0.035883 0.998582 -0.789700 0.000000 0.000000 0.000000 1.000000
0.996100 0.084879 0.024087 0.072000 -0.083818 0.995592 -0.042083 7.257300 -0.027553 0.039900 0.998824 -0.789700 0.000000 0.000000 0.000000 1.000000
0.996769 0.079665 0.010220 0.072000 -0.079143 0.995889 -0.044061 7.257300 -0.013688 0.043110 0.998977 -0.789700 0.000000 0.000000 0.000000 1.000000
0.997376 0.072259 -0.004457 0.072000 -0.072386 0.996379 -0.044592 7.257300 0.001218 0.044797 0.998995 -0.789700 0.000000 0.000000 0.000000 1.000000
0.997804 0.063647 -0.018361 0.072000 -0.064416 0.996914 -0.044868 7.257300 0.015449 0.045952 0.998824 -0.789700 0.000000 0.000000 0.000000 1.000000
0.998063 0.054646 -0.029743 0.072000 -0.055982 0.997367 -0.046099 7.257300 0.027145 0.047675 0.998494 -0.789700 0.000000 0.000000 0.000000 1.000000
0.998240 0.045681 -0.037824 0.072000 -0.047478 0.997716 -0.048053 7.257300 0.035543 0.049764 0.998128 -0.789700 0.000000 0.000000 0.000000 1.000000
0.998441 0.035102 -0.043394 0.072000 -0.037243 0.998076 -0.049565 7.257300 0.041571 0.051103 0.997828 -0.789700 0.000000 0.000000 0.000000 1.000000
0.998550 0.023918 -0.048217 0.072000 -0.026327 0.998404 -0.049959 7.257300 0.046945 0.051156 0.997587 -0.789700 0.000000 0.000000 0.000000 1.000000
0.998554 0.008790 -0.053040 0.072000 -0.011423 0.998707 -0.049540 7.257300 0.052536 0.050074 0.997363 -0.789700 0.000000 0.000000 0.000000 1.000000
0.998458 -0.001677 -0.055492 0.072000 -0.000982 0.998853 -0.047869 7.257300 0.055509 0.047849 0.997311 -0.789700 0.000000 0.000000 0.000000 1.000000
0.998312 -0.008396 -0.057464 0.072000 0.005824 0.998980 -0.044781 7.257300 0.057781 0.044371 0.997343 -0.789700 0.000000 0.000000 0.000000 1.000000
0.998220 -0.007789 -0.059128 0.072000 0.005393 0.999162 -0.040578 7.257300 0.059394 0.040187 0.997425 -0.789700 0.000000 0.000000 0.000000 1.000000
0.998176 -0.010085 -0.059516 0.072000 0.007919 0.999302 -0.036516 7.257300 0.059843 0.035978 0.997559 -0.789700 0.000000 0.000000 0.000000 1.000000
0.998145 -0.015510 -0.058866 0.072000 0.013583 0.999363 -0.032994 7.257300 0.059341 0.032134 0.997720 -0.789700 0.000000 0.000000 0.000000 1.000000
0.998085 -0.022774 -0.057516 0.072000 0.021078 0.999330 -0.029929 7.257300 0.058159 0.028659 0.997896 -0.789700 0.000000 0.000000 0.000000 1.000000
0.998064 -0.027019 -0.056022 0.072000 0.025511 0.999297 -0.027465 7.257300 0.056725 0.025983 0.998052 -0.789700 0.000000 0.000000 0.000000 1.000000
0.998071 -0.034985 -0.051289 0.072000 0.033680 0.999092 -0.026089 7.257300 0.052155 0.024312 0.998343 -0.789700 0.000000 0.000000 0.000000 1.000000
0.997805 -0.048543 -0.045040 0.072000 0.047379 0.998524 -0.026550 7.257300 0.046262 0.024358 0.998632 -0.789700 0.000000 0.000000 0.000000 1.000000
0.997145 -0.064533 -0.039208 0.072000 0.063447 0.997583 -0.028341 7.257300 0.040943 0.025773 0.998829 -0.789700 0.000000 0.000000 0.000000 1.000000
0.996385 -0.077923 -0.033832 0.072000 0.076899 0.996569 -0.030604 7.257300 0.036100 0.027891 0.998959 -0.789700 0.000000 0.000000 0.000000 1.000000
0.995961 -0.085630 -0.026987 0.072000 0.084736 0.995867 -0.032691 7.257300 0.029674 0.030272 0.999101 -0.789700 0.000000 0.000000 0.000000 1.000000
0.996034 -0.087332 -0.016990 0.072000 0.086710 0.995638 -0.034430 7.257300 0.019922 0.032820 0.999263 -0.789700 0.000000 0.000000 0.000000 1.000000
0.996454 -0.084036 -0.004147 0.072000 0.083834 0.995833 -0.035908 7.257300 0.007147 0.035433 0.999347 -0.789700 0.000000 0.000000 0.000000 1.000000
0.997041 -0.076289 0.009418 0.072000 0.076590 0.996365 -0.037297 7.257300 -0.006539 0.037908 0.999260 -0.789700 0.000000 0.000000 0.000000 1.000000
0.997679 -0.064630 0.021460 0.072000 0.065427 0.997103 -0.038783 7.257300 -0.018892 0.040097 0.999017 -0.789700 0.000000 0.000000 0.000000 1.000000
0.998203 -0.051227 0.031104 0.072000 0.052462 0.997810 -0.040276 7.257300 -0.028973 0.041835 0.998704 -0.789700 0.000000 0.000000 0.000000 1.000000</float_array><technique_common><accessor source="#Spine-Matrix-animation-output-transform-array" count="43" stride="16"><param type="float4x4"/></accessor></technique_common></source><source id="Spine-Interpolations"><Name_array id="Spine-Interpolations-array" count="43">
 LINEAR LINEAR LINEAR LINEAR LINEAR LINEAR LINEAR LINEAR LINEAR LINEAR LINEAR
LINEAR LINEAR LINEAR LINEAR LINEAR LINEAR LINEAR LINEAR LINEAR LINEAR LINEAR LINEAR
LINEAR LINEAR LINEAR LINEAR LINEAR LINEAR LINEAR LINEAR LINEAR LINEAR LINEAR LINEAR
LINEAR LINEAR LINEAR LINEAR LINEAR LINEAR LINEAR LINEAR</Name_array><technique_common><accessor source="#Spine-Interpolations-array" count="43"><param type="name"/></accessor></technique_common></source><sampler id="Spine-Matrix-animation-transform"><input semantic="INPUT" source="#Spine-Matrix-animation-input"/><input semantic="OUTPUT" source="#Spine-Matrix-animation-output-transform"/><input semantic="INTERPOLATION" source="#Spine-Interpolations"/></sampler><channel source="#Spine-Matrix-animation-transform" target="Spine/matrix"/></animation>
    <animation id="Spine1-anim" name="Spine1"><source id="Spine1-Matrix-animation-input"><float_array id="Spine1-Matrix-animation-input-array" count="43">

0.000000 0.033333 0.066667 0.100000 0.133333 0.166667 0.200000 0.233333 0.266667 0.300000 0.333333 0.366667 0.400000 0.433333 0.466667 0.500000
0.533333 0.566667 0.600000 0.633333 0.666667 0.700000 0.733333 0.766667 0.800000 0.833333 0.866667 0.900000 0.933333 0.966667 1.000000 1.033333
1.066667 1.100000 1.133333 1.166667 1.200000 1.233333 1.266667 1.300000 1.333333 1.366667 1.400000</float_array><technique_common><accessor source="#Spine1-Matrix-animation-input-array" count="43"><param name="TIME" type="float"/></accessor></technique_common></source><source id="Spine1-Matrix-animation-output-transform"><float_array id="Spine1-Matrix-animation-output-transform-array" count="688">

0.998370 0.019516 0.053627 0.000000 -0.015218 0.996726 -0.079414 8.466900 -0.055001 0.078469 0.995398 -0.921300 0.000000 0.000000 0.000000 1.000000
0.997083 0.031202 0.069662 0.000000 -0.025419 0.996274 -0.082408 8.466900 -0.071974 0.080396 0.994161 -0.921300 0.000000 0.000000 0.000000 1.000000
0.995875 0.038309 0.082249 0.000000 -0.031413 0.996008 -0.083557 8.466900 -0.085122 0.080629 0.993103 -0.921300 0.000000 0.000000 0.000000 1.000000
0.994826 0.042330 0.092353 -0.000000 -0.034785 0.996039 -0.081832 8.466900 -0.095452 0.078197 0.992358 -0.921300 0.000000 0.000000 0.000000 1.000000
0.993960 0.044465 0.100332 0.000000 -0.036811 0.996360 -0.076893 8.466900 -0.103386 0.072735 0.991978 -0.921300 0.000000 0.000000 0.000000 1.000000
0.993347 0.044445 0.106237 -0.000000 -0.037142 0.996872 -0.069768 8.466900 -0.109005 0.065358 0.991890 -0.921300 0.000000 0.000000 0.000000 1.000000
0.992962 0.042612 0.110506 0.000000 -0.035732 0.997342 -0.063506 8.466900 -0.112919 0.059111 0.991844 -0.921300 0.000000 0.000000 0.000000 1.000000
0.992637 0.040683 0.114089 0.000000 -0.033948 0.997599 -0.060369 8.466900 -0.116271 0.056051 0.991635 -0.921300 0.000000 0.000000 0.000000 1.000000
0.992212 0.041119 0.117576 0.000000 -0.034283 0.997635 -0.059581 8.466900 -0.119748 0.055087 0.991275 -0.921300 0.000000 0.000000 0.000000 1.000000
0.991742 0.045952 0.119738 -0.000000 -0.039049 0.997472 -0.059372 8.466900 -0.122163 0.054206 0.991029 -0.921300 0.000000 0.000000 0.000000 1.000000
0.991409 0.055751 0.118319 -0.000000 -0.048945 0.997017 -0.059673 8.466900 -0.121293 0.053369 0.991181 -0.921300 0.000000 0.000000 0.000000 1.000000
0.991180 0.068924 0.113191 0.000000 -0.062251 0.996166 -0.061474 8.466900 -0.116994 0.053885 0.991670 -0.921300 0.000000 0.000000 0.000000 1.000000
0.990798 0.082438 0.107347 0.000000 -0.075759 0.995013 -0.064879 8.466900 -0.112160 0.056149 0.992103 -0.921300 0.000000 0.000000 0.000000 1.000000
0.990364 0.092138 0.103393 0.000000 -0.085419 0.994046 -0.067641 8.466900 -0.109010 0.058158 0.992338 -0.921300 0.000000 0.000000 0.000000 1.000000
0.990489 0.094674 0.099846 -0.000000 -0.088054 0.993740 -0.068757 8.466900 -0.105731 0.059311 0.992624 -0.921300 0.000000 0.000000 0.000000 1.000000
0.991773 0.088967 0.092037 -0.000000 -0.082650 0.994095 -0.070318 8.466900 -0.097750 0.062133 0.993270 -0.921300 0.000000 0.000000 0.000000 1.000000
0.994121 0.076478 0.076645 0.000000 -0.070761 0.994691 -0.074722 8.466900 -0.081952 0.068860 0.994255 -0.921300 0.000000 0.000000 0.000000 1.000000
0.996754 0.060008 0.053663 0.000000 -0.055559 0.995175 -0.080869 8.466900 -0.058257 0.077625 0.995279 -0.921300 0.000000 0.000000 0.000000 1.000000
0.998793 0.042103 0.025285 0.000000 -0.039805 0.995552 -0.085389 8.466900 -0.028768 0.084280 0.996027 -0.921300 0.000000 0.000000 0.000000 1.000000
0.999688 0.024446 -0.005124 -0.000000 -0.024800 0.995890 -0.087112 8.466900 0.002974 0.087212 0.996185 -0.921300 0.000000 0.000000 0.000000 1.000000
0.999402 0.008496 -0.033519 0.000000 -0.011428 0.996029 -0.088288 8.466900 0.032636 0.088618 0.995531 -0.921300 0.000000 0.000000 0.000000 1.000000
0.998401 -0.004106 -0.056373 0.000000 -0.001060 0.995822 -0.091309 8.466900 0.056513 0.091223 0.994226 -0.921300 0.000000 0.000000 0.000000 1.000000
0.997285 -0.012522 -0.072564 0.000000 0.005522 0.995377 -0.095886 8.466900 0.073430 0.095225 0.992744 -0.921300 0.000000 0.000000 0.000000 1.000000
0.996308 -0.017792 -0.083981 -0.000000 0.009341 0.994946 -0.099976 8.466900 0.085335 0.098822 0.991439 -0.921300 0.000000 0.000000 0.000000 1.000000
0.995304 -0.022155 -0.094232 0.000000 0.012455 0.994675 -0.102310 8.466900 0.095997 0.100656 0.990279 -0.921300 0.000000 0.000000 0.000000 1.000000
0.994072 -0.026886 -0.105345 0.000000 0.015987 0.994555 -0.102975 8.466900 0.107540 0.100681 0.989090 -0.921300 0.000000 0.000000 0.000000 1.000000
0.993143 -0.031685 -0.112528 0.000000 0.020210 0.994610 -0.101696 8.466900 0.115144 0.098725 0.988431 -0.921300 0.000000 0.000000 0.000000 1.000000
0.992338 -0.036420 -0.118060 0.000000 0.024899 0.994912 -0.097625 8.466900 0.121015 0.093937 0.988196 -0.921300 0.000000 0.000000 0.000000 1.000000
0.991628 -0.041610 -0.122236 -0.000000 0.030547 0.995380 -0.091027 8.466900 0.125459 0.086531 0.988318 -0.921300 0.000000 0.000000 0.000000 1.000000
0.991167 -0.047286 -0.123905 0.000000 0.037187 0.995889 -0.082593 8.466900 0.127301 0.077255 0.988851 -0.921300 0.000000 0.000000 0.000000 1.000000
0.990862 -0.052987 -0.124034 -0.000000 0.044011 0.996285 -0.074026 8.466900 0.127496 0.067891 0.989513 -0.921300 0.000000 0.000000 0.000000 1.000000
0.990707 -0.058765 -0.122666 -0.000000 0.050957 0.996528 -0.065850 8.466900 0.126109 0.058987 0.990261 -0.921300 0.000000 0.000000 0.000000 1.000000
0.990725 -0.064914 -0.119372 0.000000 0.058218 0.996573 -0.058754 8.466900 0.122777 0.051259 0.991110 -0.921300 0.000000 0.000000 0.000000 1.000000
0.991269 -0.071192 -0.110985 0.000000 0.065533 0.996397 -0.053832 8.466900 0.114417 0.046089 0.992363 -0.921300 0.000000 0.000000 0.000000 1.000000
0.992116 -0.075904 -0.099722 0.000000 0.070898 0.996084 -0.052827 8.466900 0.103341 0.045341 0.993612 -0.921300 0.000000 0.000000 0.000000 1.000000
0.993066 -0.076125 -0.089581 0.000000 0.071391 0.995936 -0.054913 8.466900 0.093397 0.048137 0.994465 -0.921300 0.000000 0.000000 0.000000 1.000000
0.994282 -0.070724 -0.080011 0.000000 0.066162 0.996104 -0.058299 8.466900 0.083822 0.052672 0.995088 -0.921300 0.000000 0.000000 0.000000 1.000000
0.995901 -0.060651 -0.067107 -0.000000 0.056525 0.996490 -0.061751 8.466900 0.070617 0.057704 0.995833 -0.921300 0.000000 0.000000 0.000000 1.000000
0.997746 -0.047427 -0.047465 0.000000 0.044291 0.996897 -0.065081 8.466900 0.050404 0.062832 0.996751 -0.921300 0.000000 0.000000 0.000000 1.000000
0.999262 -0.031873 -0.021420 0.000000 0.030340 0.997193 -0.068448 8.466900 0.023541 0.067747 0.997425 -0.921300 0.000000 0.000000 0.000000 1.000000
0.999871 -0.014438 0.006967 0.000000 0.014902 0.997296 -0.071956 8.466900 -0.005910 0.072051 0.997383 -0.921300 0.000000 0.000000 0.000000 1.000000
0.999455 0.003536 0.032824 0.000000 -0.001043 0.997132 -0.075681 8.466900 -0.032997 0.075605 0.996592 -0.921300 0.000000 0.000000 0.000000 1.000000
0.998370 0.019516 0.053627 0.000000 -0.015218 0.996726 -0.079414 8.466900 -0.055001 0.078469 0.995398 -0.921300 0.000000 0.000000 0.000000 1.000000</float_array><technique_common><accessor source="#Spine1-Matrix-animation-output-transform-array" count="43" stride="16"><param type="float4x4"/></accessor></technique_common></source><source id="Spine1-Interpolations"><Name_array id="Spine1-Interpolations-array" count="43">
 LINEAR LINEAR LINEAR LINEAR LINEAR LINEAR LINEAR LINEAR LINEAR LINEAR LINEAR
LINEAR LINEAR LINEAR LINEAR LINEAR LINEAR LINEAR LINEAR LINEAR LINEAR LINEAR LINEAR
LINEAR LINEAR LINEAR LINEAR LINEAR LINEAR LINEAR LINEAR LINEAR LINEAR LINEAR LINEAR
LINEAR LINEAR LINEAR LINEAR LINEAR LINEAR LINEAR LINEAR</Name_array><technique_common><accessor source="#Spine1-Interpolations-array" count="43"><param type="name"/></accessor></technique_common></source><sampler id="Spine1-Matrix-animation-transform"><input semantic="INPUT" source="#Spine1-Matrix-animation-input"/><input semantic="OUTPUT" source="#Spine1-Matrix-animation-output-transform"/><input semantic="INTERPOLATION" source="#Spine1-Interpolations"/></sampler><channel source="#Spine1-Matrix-animation-transform" target="Spine1/matrix"/></animation>
    <animation id="Spine2-anim" name="Spine2"><source id="Spine2-Matrix-animation-input"><float_array id="Spine2-Matrix-animation-input-array" count="43">

0.000000 0.033333 0.066667 0.100000 0.133333 0.166667 0.200000 0.233333 0.266667 0.300000 0.333333 0.366667 0.400000 0.433333 0.466667 0.500000
0.533333 0.566667 0.600000 0.633333 0.666667 0.700000 0.733333 0.766667 0.800000 0.833333 0.866667 0.900000 0.933333 0.966667 1.000000 1.033333
1.066667 1.100000 1.133333 1.166667 1.200000 1.233333 1.266667 1.300000 1.333333 1.366667 1.400000</float_array><technique_common><accessor source="#Spine2-Matrix-animation-input-array" count="43"><param name="TIME" type="float"/></accessor></technique_common></source><source id="Spine2-Matrix-animation-output-transform"><float_array id="Spine2-Matrix-animation-output-transform-array" count="688">

0.998376 0.019133 0.053659 0.000000 -0.014831 0.996728 -0.079462 29.059401 -0.055003 0.078537 0.995393 -1.052900 0.000000 0.000000 0.000000 1.000000
0.997081 0.030748 0.069879 0.000000 -0.024952 0.996290 -0.082358 29.059401 -0.072152 0.080374 0.994150 -1.052900 0.000000 0.000000 0.000000 1.000000
0.995862 0.037870 0.082608 0.000000 -0.030962 0.996038 -0.083361 29.059401 -0.085437 0.080458 0.993090 -1.052900 0.000000 0.000000 0.000000 1.000000
0.994801 0.041984 0.092776 0.000000 -0.034439 0.996079 -0.081487 29.059401 -0.095833 0.077868 0.992347 -1.052900 0.000000 0.000000 0.000000 1.000000
0.993927 0.044301 0.100727 0.000000 -0.036666 0.996401 -0.076425 29.059401 -0.103750 0.072268 0.991974 -1.052900 0.000000 0.000000 0.000000 1.000000
0.993309 0.044588 0.106534 0.000000 -0.037328 0.996905 -0.069193 29.059401 -0.109289 0.064753 0.991899 -1.052900 0.000000 0.000000 0.000000 1.000000
0.992921 0.043098 0.110685 -0.000000 -0.036283 0.997363 -0.062861 29.059401 -0.113103 0.058400 0.991866 -1.052900 0.000000 0.000000 0.000000 1.000000
0.992596 0.041387 0.114190 0.000000 -0.034727 0.997612 -0.059708 29.059401 -0.116389 0.055301 0.991663 -1.052900 0.000000 0.000000 0.000000 1.000000
0.992174 0.041833 0.117649 0.000000 -0.035074 0.997645 -0.058950 29.059401 -0.119838 0.054363 0.991304 -1.052900 0.000000 0.000000 0.000000 1.000000
0.991708 0.046480 0.119815 0.000000 -0.039646 0.997482 -0.058804 29.059401 -0.122247 0.053566 0.991053 -1.052900 0.000000 0.000000 0.000000 1.000000
0.991382 0.055983 0.118436 0.000000 -0.049230 0.997032 -0.059196 29.059401 -0.121398 0.052856 0.991196 -1.052900 0.000000 0.000000 0.000000 1.000000
0.991159 0.068886 0.113394 0.000000 -0.062246 0.996189 -0.061096 29.059401 -0.117171 0.053498 0.991670 -1.052900 0.000000 0.000000 0.000000 1.000000
0.990783 0.082172 0.107686 0.000000 -0.075503 0.995050 -0.064616 29.059401 -0.112463 0.055889 0.992083 -1.052900 0.000000 0.000000 0.000000 1.000000
0.990354 0.091712 0.103863 0.000000 -0.084982 0.994095 -0.067478 29.059401 -0.109438 0.058001 0.992300 -1.052900 0.000000 0.000000 0.000000 1.000000
0.990481 0.094186 0.100383 0.000000 -0.087544 0.993793 -0.068640 29.059401 -0.106225 0.059198 0.992578 -1.052900 0.000000 0.000000 0.000000 1.000000
0.991765 0.088513 0.092563 -0.000000 -0.082173 0.994142 -0.070206 29.059401 -0.098235 0.062022 0.993229 -1.052900 0.000000 0.000000 0.000000 1.000000
0.994112 0.076119 0.077116 -0.000000 -0.070379 0.994726 -0.074612 29.059401 -0.082389 0.068745 0.994226 -1.052900 0.000000 0.000000 0.000000 1.000000
0.996746 0.059766 0.054084 0.000000 -0.055290 0.995197 -0.080778 29.059401 -0.058652 0.077525 0.995264 -1.052900 0.000000 0.000000 0.000000 1.000000
0.998788 0.041990 0.025668 0.000000 -0.039662 0.995562 -0.085342 29.059401 -0.029138 0.084221 0.996021 -1.052900 0.000000 0.000000 0.000000 1.000000
0.999689 0.024489 -0.004793 0.000000 -0.024814 0.995888 -0.087125 29.059401 0.002640 0.087217 0.996186 -1.052900 0.000000 0.000000 0.000000 1.000000
0.999408 0.008717 -0.033285 0.000000 -0.011630 0.996022 -0.088345 29.059401 0.032383 0.088679 0.995534 -1.052900 0.000000 0.000000 0.000000 1.000000
0.998408 -0.003719 -0.056281 -0.000000 -0.001440 0.995817 -0.091359 29.059401 0.056385 0.091295 0.994226 -1.052900 0.000000 0.000000 0.000000 1.000000
0.997286 -0.012041 -0.072632 0.000000 0.005036 0.995382 -0.095864 29.059401 0.073451 0.095238 0.992741 -1.052900 0.000000 0.000000 0.000000 1.000000
0.996298 -0.017318 -0.084203 0.000000 0.008858 0.994965 -0.099835 29.059401 0.085508 0.098719 0.991435 -1.052900 0.000000 0.000000 0.000000 1.000000
0.995280 -0.021763 -0.094571 -0.000000 0.012055 0.994707 -0.102042 29.059401 0.096291 0.100420 0.990275 -1.052900 0.000000 0.000000 0.000000 1.000000
0.994038 -0.026654 -0.105724 0.000000 0.015757 0.994598 -0.102595 29.059401 0.107887 0.100317 0.989089 -1.052900 0.000000 0.000000 0.000000 1.000000
0.993110 -0.031694 -0.112822 0.000000 0.020246 0.994659 -0.101210 29.059401 0.115427 0.098228 0.988447 -1.052900 0.000000 0.000000 0.000000 1.000000
0.992305 -0.036664 -0.118261 0.000000 0.025197 0.994962 -0.097040 29.059401 0.121223 0.093313 0.988230 -1.052900 0.000000 0.000000 0.000000 1.000000
0.991596 -0.041987 -0.122371 -0.000000 0.030995 0.995425 -0.090382 29.059401 0.125606 0.085829 0.988360 -1.052900 0.000000 0.000000 0.000000 1.000000
0.991133 -0.047598 -0.124053 0.000000 0.037569 0.995927 -0.081963 29.059401 0.127448 0.076575 0.988885 -1.052900 0.000000 0.000000 0.000000 1.000000
0.990831 -0.053137 -0.124223 0.000000 0.044222 0.996318 -0.073456 29.059401 0.127669 0.067289 0.989532 -1.052900 0.000000 0.000000 0.000000 1.000000
0.990679 -0.058718 -0.122908 0.000000 0.050958 0.996560 -0.065360 29.059401 0.126323 0.058487 0.990263 -1.052900 0.000000 0.000000 0.000000 1.000000
0.990706 -0.064623 -0.119687 0.000000 0.057955 0.996611 -0.058379 29.059401 0.123054 0.050900 0.991094 -1.052900 0.000000 0.000000 0.000000 1.000000
0.991258 -0.070738 -0.111375 -0.000000 0.065088 0.996440 -0.053571 29.059401 0.114768 0.045853 0.992333 -1.052900 0.000000 0.000000 0.000000 1.000000
0.992109 -0.075410 -0.100169 -0.000000 0.070399 0.996128 -0.052653 29.059401 0.103752 0.045186 0.993576 -1.052900 0.000000 0.000000 0.000000 1.000000
0.993060 -0.075657 -0.090042 0.000000 0.070911 0.995976 -0.054795 29.059401 0.093826 0.048030 0.994429 -1.052900 0.000000 0.000000 0.000000 1.000000
0.994276 -0.070308 -0.080454 0.000000 0.065730 0.996139 -0.058201 29.059401 0.084235 0.052579 0.995058 -1.052900 0.000000 0.000000 0.000000 1.000000
0.995894 -0.060296 -0.067528 0.000000 0.056153 0.996517 -0.061655 29.059401 0.071010 0.057610 0.995811 -1.052900 0.000000 0.000000 0.000000 1.000000
0.997740 -0.047160 -0.047869 0.000000 0.044003 0.996915 -0.064995 29.059401 0.050787 0.062742 0.996737 -1.052900 0.000000 0.000000 0.000000 1.000000
0.999258 -0.031741 -0.021794 -0.000000 0.030184 0.997201 -0.068401 29.059401 0.023904 0.067692 0.997420 -1.052900 0.000000 0.000000 0.000000 1.000000
0.999873 -0.014485 0.006671 0.000000 0.014928 0.997295 -0.071974 29.059401 -0.005610 0.072064 0.997384 -1.052900 0.000000 0.000000 0.000000 1.000000
0.999461 0.003303 0.032668 0.000000 -0.000819 0.997127 -0.075746 29.059401 -0.032824 0.075678 0.996592 -1.052900 0.000000 0.000000 0.000000 1.000000
0.998376 0.019133 0.053659 0.000000 -0.014831 0.996728 -0.079462 29.059401 -0.055003 0.078537 0.995393 -1.052900 0.000000 0.000000 0.000000 1.000000</float_array><technique_common><accessor source="#Spine2-Matrix-animation-output-transform-array" count="43" stride="16"><param type="float4x4"/></accessor></technique_common></source><source id="Spine2-Interpolations"><Name_array id="Spine2-Interpolations-array" count="43">
 LINEAR LINEAR LINEAR LINEAR LINEAR LINEAR LINEAR LINEAR LINEAR LINEAR LINEAR
LINEAR LINEAR LINEAR LINEAR LINEAR LINEAR LINEAR LINEAR LINEAR LINEAR LINEAR LINEAR
LINEAR LINEAR LINEAR LINEAR LINEAR LINEAR LINEAR LINEAR LINEAR LINEAR LINEAR LINEAR
LINEAR LINEAR LINEAR LINEAR LINEAR LINEAR LINEAR LINEAR</Name_array><technique_common><accessor source="#Spine2-Interpolations-array" count="43"><param type="name"/></accessor></technique_common></source><sampler id="Spine2-Matrix-animation-transform"><input semantic="INPUT" source="#Spine2-Matrix-animation-input"/><input semantic="OUTPUT" source="#Spine2-Matrix-animation-output-transform"/><input semantic="INTERPOLATION" source="#Spine2-Interpolations"/></sampler><channel source="#Spine2-Matrix-animation-transform" target="Spine2/matrix"/></animation>
    <animation id="Neck-anim" name="Neck"><source id="Neck-Matrix-animation-input"><float_array id="Neck-Matrix-animation-input-array" count="43">

0.000000 0.033333 0.066667 0.100000 0.133333 0.166667 0.200000 0.233333 0.266667 0.300000 0.333333 0.366667 0.400000 0.433333 0.466667 0.500000
0.533333 0.566667 0.600000 0.633333 0.666667 0.700000 0.733333 0.766667 0.800000 0.833333 0.866667 0.900000 0.933333 0.966667 1.000000 1.033333
1.066667 1.100000 1.133333 1.166667 1.200000 1.233333 1.266667 1.300000 1.333333 1.366667 1.400000</float_array><technique_common><accessor source="#Neck-Matrix-animation-input-array" count="43"><param name="TIME" type="float"/></accessor></technique_common></source><source id="Neck-Matrix-animation-output-transform"><float_array id="Neck-Matrix-animation-output-transform-array" count="688">

0.999644 -0.010596 -0.024495 -0.000000 0.013159 0.994177 0.106953 14.033300 0.023219 -0.107237 0.993962 7.520400 0.000000 0.000000 0.000000 1.000000
0.999642 -0.004969 -0.026290 -0.000000 0.007776 0.994143 0.107791 14.033300 0.025600 -0.107957 0.993826 7.520400 0.000000 0.000000 0.000000 1.000000
0.999630 -0.000219 -0.027186 0.000000 0.003219 0.993887 0.110357 14.033300 0.026996 -0.110404 0.993520 7.520400 0.000000 0.000000 0.000000 1.000000
0.999616 0.003544 -0.027471 0.000000 -0.000392 0.993492 0.113900 14.033300 0.027696 -0.113846 0.993112 7.520400 0.000000 0.000000 0.000000 1.000000
0.999614 0.006274 -0.027080 0.000000 -0.003024 0.992957 0.118434 14.033300 0.027632 -0.118306 0.992593 7.520400 0.000000 0.000000 0.000000 1.000000
0.999630 0.008009 -0.026008 0.000000 -0.004729 0.992294 0.123813 14.033300 0.026799 -0.123644 0.991965 7.520400 0.000000 0.000000 0.000000 1.000000
0.999665 0.008860 -0.024314 0.000000 -0.005633 0.991534 0.129725 14.033300 0.025257 -0.129545 0.991252 7.520400 0.000000 0.000000 0.000000 1.000000
0.999715 0.008996 -0.022109 0.000000 -0.005913 0.990730 0.135720 14.033300 0.023125 -0.135551 0.990500 7.520400 0.000000 0.000000 0.000000 1.000000
0.999772 0.008616 -0.019532 -0.000000 -0.005771 0.989955 0.141267 14.033300 0.020553 -0.141122 0.989779 7.520400 0.000000 0.000000 0.000000 1.000000
0.999829 0.007924 -0.016718 0.000000 -0.005401 0.989292 0.145848 14.033300 0.017695 -0.145733 0.989166 7.520400 0.000000 0.000000 0.000000 1.000000
0.999880 0.007098 -0.013762 0.000000 -0.004967 0.988816 0.149058 14.033300 0.014666 -0.148972 0.988733 7.520400 0.000000 0.000000 0.000000 1.000000
0.999923 0.006257 -0.010701 0.000000 -0.004573 0.988571 0.150689 14.033300 0.011521 -0.150628 0.988523 7.520400 0.000000 0.000000 0.000000 1.000000
0.999957 0.005432 -0.007510 0.000000 -0.004238 0.988559 0.150774 14.033300 0.008243 -0.150736 0.988540 7.520400 0.000000 0.000000 0.000000 1.000000
0.999981 0.004543 -0.004127 0.000000 -0.003875 0.988742 0.149583 14.033300 0.004760 -0.149564 0.988741 7.520400 0.000000 0.000000 0.000000 1.000000
0.999994 0.003394 -0.000482 -0.000000 -0.003286 0.989048 0.147559 14.033300 0.000978 -0.147557 0.989053 7.520400 0.000000 0.000000 0.000000 1.000000
0.999993 0.001702 0.003461 -0.000000 -0.002186 0.989394 0.145242 14.033300 -0.003177 -0.145249 0.989390 7.520400 0.000000 0.000000 0.000000 1.000000
0.999970 -0.000849 0.007692 0.000000 -0.000261 0.989699 0.143162 14.033300 -0.007734 -0.143160 0.989669 7.520400 0.000000 0.000000 0.000000 1.000000
0.999916 -0.004531 0.012143 0.000000 0.002764 0.989898 0.141751 14.033300 -0.012663 -0.141706 0.989828 7.520400 0.000000 0.000000 0.000000 1.000000
0.999815 -0.009500 0.016702 0.000000 0.007046 0.989945 0.141279 14.033300 -0.017877 -0.141136 0.989829 7.520400 0.000000 0.000000 0.000000 1.000000
0.999651 -0.015731 0.021224 -0.000000 0.012565 0.989814 0.141811 14.033300 -0.023239 -0.141495 0.989666 7.520400 0.000000 0.000000 0.000000 1.000000
0.999409 -0.022981 0.025555 0.000000 0.019092 0.989509 0.143202 14.033300 -0.028578 -0.142629 0.989364 7.520400 0.000000 0.000000 0.000000 1.000000
0.999089 -0.030789 0.029548 -0.000000 0.026188 0.989066 0.145131 14.033300 -0.033693 -0.144225 0.988971 7.520400 0.000000 0.000000 0.000000 1.000000
0.998711 -0.038509 0.033075 -0.000000 0.033244 0.988553 0.147164 14.033300 -0.038364 -0.145874 0.988559 7.520400 0.000000 0.000000 0.000000 1.000000
0.998319 -0.045402 0.036034 0.000000 0.039564 0.988071 0.148828 14.033300 -0.042362 -0.147152 0.988206 7.520400 0.000000 0.000000 0.000000 1.000000
0.997976 -0.050740 0.038342 0.000000 0.044468 0.987731 0.149701 14.033300 -0.045467 -0.147693 0.987988 7.520400 0.000000 0.000000 0.000000 1.000000
0.997746 -0.053931 0.039934 0.000000 0.047401 0.987629 0.149475 14.033300 -0.047501 -0.147245 0.987959 7.520400 0.000000 0.000000 0.000000 1.000000
0.997675 -0.054612 0.040778 -0.000000 0.048023 0.987818 0.148017 14.033300 -0.048365 -0.145714 0.988144 7.520400 0.000000 0.000000 0.000000 1.000000
0.997772 -0.052718 0.040880 -0.000000 0.046261 0.988293 0.145386 14.033300 -0.048066 -0.143171 0.988530 7.520400 0.000000 0.000000 0.000000 1.000000
0.998010 -0.048493 0.040293 -0.000000 0.042328 0.988985 0.141835 14.033300 -0.046728 -0.139847 0.989070 7.520400 0.000000 0.000000 0.000000 1.000000
0.998333 -0.042462 0.039105 0.000000 0.036702 0.989786 0.137756 14.033300 -0.044555 -0.136091 0.989694 7.520400 0.000000 0.000000 0.000000 1.000000
0.998674 -0.035360 0.037405 0.000000 0.030069 0.990578 0.133608 14.033300 -0.041777 -0.132306 0.990328 7.520400 0.000000 0.000000 0.000000 1.000000
0.998986 -0.028025 0.035248 -0.000000 0.023228 0.991266 0.129813 14.033300 -0.038578 -0.128863 0.990912 7.520400 0.000000 0.000000 0.000000 1.000000
0.999241 -0.021282 0.032617 0.000000 0.016989 0.991799 0.126676 14.033300 -0.035045 -0.126026 0.991408 7.520400 0.000000 0.000000 0.000000 1.000000
0.999442 -0.015827 0.029424 0.000000 0.012052 0.992169 0.124318 14.033300 -0.031161 -0.123894 0.991806 7.520400 0.000000 0.000000 0.000000 1.000000
0.999600 -0.012120 0.025540 0.000000 0.008899 0.992408 0.122667 14.033300 -0.026833 -0.122390 0.992119 7.520400 0.000000 0.000000 0.000000 1.000000
0.999729 -0.010321 0.020848 0.000000 0.007713 0.992563 0.121489 14.033300 -0.021947 -0.121295 0.992374 7.520400 0.000000 0.000000 0.000000 1.000000
